OTUId	CGAGGCTGAGAGTAGA	TAAGGCGAAAGGAGTA	TCCTGAGCTATCCTCT	CGAGGCTGAAGGAGTA	TAGGCATGAAGGAGTA	CGTACTAGAGAGTAGA	CTCTCTACACTGCATA	AAGAGGCACTAAGCCT	CAGAGAGGAGAGTAGA	CAGAGAGGTATCCTCT	CTCTCTACTAGATCGC	AAGAGGCAACTGCATA	AGGCAGAATATCCTCT	TAGGCATGTAGATCGC	GCTACGCTAGAGTAGA	GCTACGCTTATCCTCT	GGACTCCTCTCTCTAT	TAAGGCGATATCCTCT	CTCTCTACCTCTCTAT	CGTACTAGTATCCTCT	TCCTGAGCTAGATCGC	AAGAGGCATAGATCGC	CGAGGCTGTATCCTCT	TAGGCATGAGAGTAGA	TCCTGAGCACTGCATA	CGAGGCTGTAGATCGC	AGGCAGAAAAGGAGTA	CAGAGAGGCTCTCTAT	TAGGCATGCTAAGCCT	CGAGGCTGCTAAGCCT	AGGCAGAAGTAAGGAG	TAAGGCGAGTAAGGAG	CGTACTAGCTCTCTAT	CGTACTAGCTAAGCCT	CTCTCTACAGAGTAGA	CAGAGAGGAAGGAGTA	AGGCAGAACTCTCTAT	AGGCAGAAAGAGTAGA	TCCTGAGCAAGGAGTA	AGGCAGAAACTGCATA	CTCTCTACAAGGAGTA	TAAGGCGAAGAGTAGA	TAGGCATGTATCCTCT	CGTACTAGAAGGAGTA	AAGAGGCAGTAAGGAG	CAGAGAGGACTGCATA	GGACTCCTTATCCTCT	GGACTCCTAGAGTAGA	GGACTCCTCTAAGCCT	GCTACGCTTAGATCGC	GGACTCCTAAGGAGTA	TAAGGCGAACTGCATA	CGAGGCTGACTGCATA	GGACTCCTTAGATCGC	CAGAGAGGGTAAGGAG	TCCTGAGCGTAAGGAG	AAGAGGCATATCCTCT	TAGGCATGACTGCATA	TAGGCATGGTAAGGAG	AAGAGGCAAGAGTAGA	TCCTGAGCAGAGTAGA	GCTACGCTCTCTCTAT	GCTACGCTACTGCATA	GCTACGCTGTAAGGAG	CGAGGCTGCTCTCTAT	CGAGGCTGGTAAGGAG	AAGAGGCACTCTCTAT	CGTACTAGACTGCATA	GGACTCCTGTAAGGAG	CTCTCTACGTAAGGAG	TAAGGCGACTCTCTAT	CGTACTAGGTAAGGAG	AGGCAGAACTAAGCCT	TAGGCATGCTCTCTAT
Zotu1	7688	130	328	408	5543	344	5316	203	8000	192	553	179	4533	21234	2613	63	78	45	5716	159	431	594	181	1061	175	393	414	129	381	124	237	134	117	5260	7941	367	144	6396	10683	100	729	178	627	278	12798	103	101	232	78	151	171	37	102	232	273	5021	358	330	4652	672	657	49	30	106	139	286	253	91	2165	363	35	228	122	455
Zotu4	267	6947	50	8375	222	5564	47	4	96	56	109	2	126	35	37	17	9525	176	169	140	6	11	170	164	5	132	242	113	20	64	46	56	176	49	228	144	5724	214	92	42	5923	237	2293	268	5	3	3299	6737	128	5	585	51	67	291	12	7	43	22	24	73	71	51	4	3	230	57	77	40	134	36	171	47	52	153
Zotu16	3	4	3291	7	2	1	4346	1	0	25	84	17	26	2	0	8	1	26	85	26	57	2	29	4	47	0	3	0	2	2	2	1	3	0	156	0	0	1	90	20	150	1	36	5	5	12	21	0	0	1	0	10	24	1	0	33	26	21	2	1	75	0	5	0	1	1	1	17	0	50	1	0	1	0
Zotu12	4046	36	51	5912	67	2965	39	18	76	7	2949	6	43	18	765	74	211	2	45	217	57	27	181	115	21	179	86	4	27	115	1333	5	70	2454	169	47	22	112	118	22	129	79	8	381	14	4	12	501	49	21	59	4	77	28	12	32	12	1	8	69	2554	13	8	15	96	110	5	61	14	56	3	61	43	8
Zotu3	121	41	4570	88	5095	6571	33	71	492	7866	95	80	99	304	119	115	102	84	6	214	268	5307	125	6110	113	97	43	207	88	4	39	31	79	63	113	507	8	63	346	32	75	66	321	251	110	6687	4438	278	81	3105	242	24	45	229	211	4272	196	127	173	224	322	49	38	66	5	48	79	86	2071	66	6	111	6	140
Zotu6	133	222	187	140	51	5563	4	59	318	321	14	3	6495	7	87	3209	52	3562	48	201	61	10	210	50	26	61	192	11639	34	4166	93	3786	128	83	57	290	149	196	3651	55	50	232	143	176	26	97	100	31	19	58	32	66	34	7	131	80	116	3	30	34	121	59	33	37	119	64	70	51	17	28	155	98	103	74
Zotu5	298	206	99	280	3543	47	142	4595	2695	135	122	2698	7	105	70	61	94	79	60	14	4042	202	137	152	124	204	58	74	169	3897	22	71	6	92	5040	247	5	48	192	68	219	193	64	57	679	138	150	235	5732	66	2484	3772	3360	180	2501	77	651	149	56	273	162	40	1781	30	77	106	114	108	70	49	57	26	80	42
Zotu11	152	16	41	150	259	90	55	3	27	43	162	12	34	2775	14	28	108	28	50	3833	88	73	155	268	20	191	6	7	86	28	17	16	43	44	3895	6	4	13	5	11	147	19	1895	102	25	20	228	268	98	33	261	14	2896	7217	24	26	52	99	2077	29	20	1	8	10	68	79	4	46	105	70	4	49	3	112
Zotu9	112	7415	47	231	235	10	40	6219	193	164	8	71	3800	60	176	150	3	151	5	61	11	101	130	87	42	82	167	102	103	4711	56	82	11	63	10	335	63	96	108	69	114	171	3390	115	58	104	46	11	50	115	95	86	85	9	5450	24	152	102	84	137	10	91	2486	71	41	66	71	57	20	28	73	39	76	57
Zotu13	145	27	30	239	59	158	0	0	2	51	2	0	37	4	1	20	2	30	1	179	1	3	7284	5	0	111	46	0	0	54	0	4	81	68	0	54	0	2	57	2	47	1	52	9687	0	1	35	6	1	1	40	10	50	0	2	0	37	3	1	3	1	2	1	0	66	50	1	72	0	1	3	78	1	1
Zotu2	122	29	3066	128	541	270	77	75	267	233	309	4049	49	14105	15	30	78	45	174	210	5181	226	122	4075	92	288	43	12116	208	3828	4	1	10000	119	174	315	104	47	256	36	6081	40	2643	239	44	114	45	40	21	69	30	23	46	133	105	96	149	202	198	165	239	45	10	0	181	44	173	98	2	65	94	88	14	424
Zotu8	125	200	3835	96	106	258	30	107	107	114	35	118	117	69	3969	116	54	195	3	7670	111	4731	143	133	63	34	69	10	10	9	47	61	104	86	101	66	1	84	153	37	80	237	171	229	136	31	146	195	53	81	4770	4489	44	91	11	43	6003	71	24	353	192	57	52	50	6	8	111	99	56	6	72	82	8	9
Zotu7	6081	307	5	8631	256	73	86	54	178	68	4907	68	74	42	73	39	3	100	108	11	33	139	199	84	0	252	4040	50	6	121	50	3466	5	7	5829	4372	39	124	186	40	507	174	10	196	99	18	3	53	4	52	162	34	113	17	62	34	137	5	35	215	47	30	9	27	157	149	90	4	28	125	58	25	39	6
Zotu10	4637	3111	110	205	68	64	59	34	44	16	124	30	13	46	66	20	27	1774	5878	15	131	95	135	80	51	112	49	30	5	40	5	47	66	1	214	47	18	55	3250	0	202	164	17	37	2269	5	23	57	2	1322	36	50	48	25	17	81	70	2	22	147	3907	30	13	15	84	65	73	0	7	80	72	11	4	40
Zotu20	1	14	1	20	22	0	0	0	75	63	0	0	0	0	0	1	0	0	1	0	0	0	3	1	0	0	19	44	1	1	0	1	2	0	0	3755	0	0	15	0	24	0	1	19	1	21	0	2	0	0	18	0	0	1	30	0	1	1	0	0	2	0	0	1	0	0	0	0	0	0	1	0	1	1
Zotu14	36	1	1	1	7	37	0	26	18	3	2	1	153	0	9	2	79	0	27	3	1	2	1	43	0	4	212	24	40	39	85	0	27	40	23	1	5318	5056	1	76	6	23	0	4	0	0	68	106	4124	1	74	0	1	52	0	2	2	3	2	23	25	12	1	0	43	1	19	0	31	0	33	1	117	37
Zotu15	1	3	7	4	3	6	0	1	3	2	2	0	197	2	0	1	1	0	0	3	2	10	2	3	1	0	297	1	1	1	7837	34	1	1	3	5	128	250	1	84	5	3	4	2	29	0	2	2	2	1	2	4	1	2	49	32	10	0	47	0	0	0	1	16	2	44	0	6	34	44	0	45	112	0
Zotu19	1	0	18	0	1	78	0	1	1	16	1	0	17	6	1	12	0	15	0	3703	0	0	31	2	1	0	0	1	0	0	0	1	32	21	1	3	0	0	1	0	1	1	22	96	0	0	11	1	0	0	0	1	0	0	0	0	14	0	0	0	1	0	0	0	0	0	0	27	1	0	2	36	0	0
Zotu17	34	109	0	27	20	30	1	1	25	0	1	0	67	1	12	0	1	47	0	1	1	1	0	37	2	4	3806	2	2	1	36	31	0	0	25	23	49	89	36	29	24	2997	1	21	0	0	2	36	1	0	28	35	0	0	7	0	1	1	0	24	29	0	0	1	1	2	1	2	0	2	48	2	24	1
Zotu18	80	87	2	4	2	74	1	0	79	2	2	4	1	4	2126	31	1	65	1	0	1	1	0	90	1	1	3	4	1	1	1	33	1	3	53	3	1	58	2	0	2	2979	1	7	0	1	0	61	1	25	3	16	2	1	1	0	1	1	1	67	60	21	21	20	4	0	1	0	2	1	34	1	0	1
