OTUId	CGAGGCTGAGAGTAGA	TAAGGCGAAAGGAGTA	CTCTCTACACTGCATA	TAGGCATGAAGGAGTA	CGAGGCTGAAGGAGTA	CGTACTAGAGAGTAGA	AAGAGGCACTAAGCCT	CAGAGAGGTATCCTCT	CAGAGAGGAGAGTAGA	CTCTCTACTAGATCGC	AAGAGGCAACTGCATA	AGGCAGAATATCCTCT	TAGGCATGTAGATCGC	GCTACGCTAGAGTAGA	GCTACGCTTATCCTCT	GGACTCCTCTCTCTAT	TAAGGCGATATCCTCT	CTCTCTACCTCTCTAT	CGTACTAGTATCCTCT	TCCTGAGCTAGATCGC	CGAGGCTGTATCCTCT	AAGAGGCATAGATCGC	TAGGCATGAGAGTAGA	TCCTGAGCACTGCATA	CGAGGCTGTAGATCGC	AGGCAGAAAAGGAGTA	CAGAGAGGCTCTCTAT	TAGGCATGCTAAGCCT	CGAGGCTGCTAAGCCT	AGGCAGAAGTAAGGAG	TAAGGCGAGTAAGGAG	TCCTGAGCTATCCTCT	CTCTCTACAGAGTAGA	CAGAGAGGAAGGAGTA	CGTACTAGCTCTCTAT	CGTACTAGCTAAGCCT	AGGCAGAACTCTCTAT	AGGCAGAAAGAGTAGA	TCCTGAGCAAGGAGTA	CTCTCTACAAGGAGTA	AGGCAGAAACTGCATA	TAAGGCGAAGAGTAGA	TAGGCATGTATCCTCT	CGTACTAGAAGGAGTA	AAGAGGCAGTAAGGAG	CAGAGAGGACTGCATA	GGACTCCTTATCCTCT	GGACTCCTAGAGTAGA	GGACTCCTCTAAGCCT	GCTACGCTTAGATCGC	GGACTCCTAAGGAGTA	TAAGGCGAACTGCATA	CGAGGCTGACTGCATA	GGACTCCTTAGATCGC	CAGAGAGGGTAAGGAG	TCCTGAGCGTAAGGAG	AAGAGGCATATCCTCT	TAGGCATGACTGCATA	TAGGCATGGTAAGGAG	AAGAGGCAAGAGTAGA	TCCTGAGCAGAGTAGA	GCTACGCTCTCTCTAT	GCTACGCTACTGCATA	GCTACGCTGTAAGGAG	CGAGGCTGCTCTCTAT	CGAGGCTGGTAAGGAG	AAGAGGCACTCTCTAT	CGTACTAGACTGCATA	GGACTCCTGTAAGGAG	CTCTCTACGTAAGGAG	TAAGGCGACTCTCTAT	CGTACTAGGTAAGGAG	AGGCAGAACTAAGCCT	TAGGCATGCTCTCTAT
Zotu1	7688	130	5316	5543	408	344	203	192	8000	553	179	4533	21234	2613	63	78	45	5716	159	431	181	594	1061	175	393	414	129	381	124	237	134	328	7941	367	117	5260	144	6396	10683	729	100	178	627	278	12798	103	101	232	78	151	171	37	102	232	273	5021	358	330	4652	672	657	49	30	106	139	286	253	91	2165	363	35	228	122	455
Zotu4	267	6947	47	222	8375	5564	4	56	96	109	2	126	35	37	17	9525	176	169	140	6	170	11	164	5	132	242	113	20	64	46	56	50	228	144	176	49	5724	214	92	5923	42	237	2293	268	5	3	3299	6737	128	5	585	51	67	291	12	7	43	22	24	73	71	51	4	3	230	57	77	40	134	36	171	47	52	153
Zotu3	121	41	33	5095	88	6571	71	7866	492	95	80	99	304	119	115	102	84	6	214	268	125	5307	6110	113	97	43	207	88	4	39	31	4570	113	507	79	63	8	63	346	75	32	66	321	251	110	6687	4438	278	81	3105	242	24	45	229	211	4272	196	127	173	224	322	49	38	66	5	48	79	86	2071	66	6	111	6	140
Zotu12	4046	36	39	67	5912	2965	18	7	76	2949	6	43	18	765	74	211	2	45	217	57	181	27	115	21	179	86	4	27	115	1333	5	51	169	47	70	2454	22	112	118	129	22	79	8	381	14	4	12	501	49	21	59	4	77	28	12	32	12	1	8	69	2554	13	8	15	96	110	5	61	14	56	3	61	43	8
Zotu6	133	222	4	51	140	5563	59	321	318	14	3	6495	7	87	3209	52	3562	48	201	61	210	10	50	26	61	192	11639	34	4166	93	3786	187	57	290	128	83	149	196	3651	50	55	232	143	176	26	97	100	31	19	58	32	66	34	7	131	80	116	3	30	34	121	59	33	37	119	64	70	51	17	28	155	98	103	74
Zotu5	298	206	142	3543	280	47	4595	135	2695	122	2698	7	105	70	61	94	79	60	14	4042	137	202	152	124	204	58	74	169	3897	22	71	99	5040	247	6	92	5	48	192	219	68	193	64	57	679	138	150	235	5732	66	2484	3772	3360	180	2501	77	651	149	56	273	162	40	1781	30	77	106	114	108	70	49	57	26	80	42
Zotu11	152	16	55	259	150	90	3	43	27	162	12	34	2775	14	28	108	28	50	3833	88	155	73	268	20	191	6	7	86	28	17	16	41	3895	6	43	44	4	13	5	147	11	19	1895	102	25	20	228	268	98	33	261	14	2896	7217	24	26	52	99	2077	29	20	1	8	10	68	79	4	46	105	70	4	49	3	112
Zotu9	112	7415	40	235	231	10	6219	164	193	8	71	3800	60	176	150	3	151	5	61	11	130	101	87	42	82	167	102	103	4711	56	82	47	10	335	11	63	63	96	108	114	69	171	3390	115	58	104	46	11	50	115	95	86	85	9	5450	24	152	102	84	137	10	91	2486	71	41	66	71	57	20	28	73	39	76	57
Zotu13	145	27	0	59	239	158	0	51	2	2	0	37	4	1	20	2	30	1	179	1	7284	3	5	0	111	46	0	0	54	0	4	30	0	54	81	68	0	2	57	47	2	1	52	9687	0	1	35	6	1	1	40	10	50	0	2	0	37	3	1	3	1	2	1	0	66	50	1	72	0	1	3	78	1	1
Zotu2	122	29	77	541	128	270	75	233	267	309	4049	49	14105	15	30	78	45	174	210	5181	122	226	4075	92	288	43	12116	208	3828	4	1	3066	174	315	10000	119	104	47	256	6081	36	40	2643	239	44	114	45	40	21	69	30	23	46	133	105	96	149	202	198	165	239	45	10	0	181	44	173	98	2	65	94	88	14	424
Zotu8	125	200	30	106	96	258	107	114	107	35	118	117	69	3969	116	54	195	3	7670	111	143	4731	133	63	34	69	10	10	9	47	61	3835	101	66	104	86	1	84	153	80	37	237	171	229	136	31	146	195	53	81	4770	4489	44	91	11	43	6003	71	24	353	192	57	52	50	6	8	111	99	56	6	72	82	8	9
Zotu7	6081	307	86	256	8631	73	54	68	178	4907	68	74	42	73	39	3	100	108	11	33	199	139	84	0	252	4040	50	6	121	50	3466	5	5829	4372	5	7	39	124	186	507	40	174	10	196	99	18	3	53	4	52	162	34	113	17	62	34	137	5	35	215	47	30	9	27	157	149	90	4	28	125	58	25	39	6
Zotu16	3	4	4346	2	7	1	1	25	0	84	17	26	2	0	8	1	26	85	26	57	29	2	4	47	0	3	0	2	2	2	1	3291	156	0	3	0	0	1	90	150	20	1	36	5	5	12	21	0	0	1	0	10	24	1	0	33	26	21	2	1	75	0	5	0	1	1	1	17	0	50	1	0	1	0
Zotu10	4637	3111	59	68	205	64	34	16	44	124	30	13	46	66	20	27	1774	5878	15	131	135	95	80	51	112	49	30	5	40	5	47	110	214	47	66	1	18	55	3250	202	0	164	17	37	2269	5	23	57	2	1322	36	50	48	25	17	81	70	2	22	147	3907	30	13	15	84	65	73	0	7	80	72	11	4	40
Zotu21	1	14	0	22	20	0	0	63	75	0	0	0	0	0	1	0	0	1	0	0	3	0	1	0	0	19	44	1	1	0	1	1	0	3755	2	0	0	0	15	24	0	0	1	19	1	21	0	2	0	0	18	0	0	1	30	0	1	1	0	0	2	0	0	1	0	0	0	0	0	0	1	0	1	1
Zotu14	36	1	0	7	1	37	26	3	18	2	1	153	0	9	2	79	0	27	3	1	1	2	43	0	4	212	24	40	39	85	0	1	23	1	27	40	5318	5056	1	6	76	23	0	4	0	0	68	106	4124	1	74	0	1	52	0	2	2	3	2	23	25	12	1	0	43	1	19	0	31	0	33	1	117	37
Zotu15	1	3	0	3	4	6	1	2	3	2	0	197	2	0	1	1	0	0	3	2	2	10	3	1	0	297	1	1	1	7837	34	7	3	5	1	1	128	250	1	5	84	3	4	2	29	0	2	2	2	1	2	4	1	2	49	32	10	0	47	0	0	0	1	16	2	44	0	6	34	44	0	45	112	0
Zotu20	1	0	0	1	0	78	1	16	1	1	0	17	6	1	12	0	15	0	3703	0	31	0	2	1	0	0	1	0	0	0	1	18	1	3	32	21	0	0	1	1	0	1	22	96	0	0	11	1	0	0	0	1	0	0	0	0	14	0	0	0	1	0	0	0	0	0	0	27	1	0	2	36	0	0
Zotu17	34	109	1	20	27	30	1	0	25	1	0	67	1	12	0	1	47	0	1	1	0	1	37	2	4	3806	2	2	1	36	31	0	25	23	0	0	49	89	36	24	29	2997	1	21	0	0	2	36	1	0	28	35	0	0	7	0	1	1	0	24	29	0	0	1	1	2	1	2	0	2	48	2	24	1
Zotu18	80	87	1	2	4	74	0	2	79	2	4	1	4	2126	31	1	65	1	0	1	0	1	90	1	1	3	4	1	1	1	33	2	53	3	1	3	1	58	2	2	0	2979	1	7	0	1	0	61	1	25	3	16	2	1	1	0	1	1	1	67	60	21	21	20	4	0	1	0	2	1	34	1	0	1
Zotu19	4	20	13	2270	34	1	2	36	57	8	9	0	37	3	2	3	3	3	5	3	2	3	47	4	5	13	31	11	2	1	1	2	26	83	1	1	0	1	20	27	2	4	43	22	9	1377	3	7	4	0	24	10	42	9	18	0	4	22	40	7	4	1	4	0	2	0	8	10	3	0	3	1	1	26
