OTUId	TCCTGAGCAAGGAGTA	CTCTCTACTATCCTCT	CGAGGCTGTATCCTCT	TCCTGAGCGTAAGGAG	AGGCAGAACTCTCTAT	TAAGGCGAGTAAGGAG	CGAGGCTGGTAAGGAG	CGAGGCTGCTAAGCCT	AAGAGGCACTAAGCCT	CGTACTAGAAGGAGTA	TAAGGCGAAAGGAGTA	AGGCAGAATATCCTCT	TAGGCATGAAGGAGTA	AAGAGGCACTCTCTAT	AGGCAGAAACTGCATA	GTAGAGGATATCCTCT	GTAGAGGAAGAGTAGA	TAGGCATGACTGCATA	CGTACTAGTAGATCGC	AAGAGGCAACTGCATA	TCCTGAGCACTGCATA	TAGGCATGGTAAGGAG	TAAGGCGACTAAGCCT	GCTACGCTAGAGTAGA	AGGCAGAAGTAAGGAG	TAGGCATGCTAAGCCT	AGGCAGAAAAGGAGTA	GGACTCCTGTAAGGAG	TAAGGCGATATCCTCT	CGAGGCTGTAGATCGC	GTAGAGGATAGATCGC	AAGAGGCATATCCTCT	CGTACTAGCTAAGCCT	CGTACTAGGTAAGGAG	CGTACTAGACTGCATA	CTCTCTACACTGCATA	TAGGCATGTATCCTCT	GGACTCCTTAGATCGC	GGACTCCTAGAGTAGA	CGAGGCTGAGAGTAGA	CGTACTAGCTCTCTAT	TCCTGAGCTAGATCGC	AGGCAGAATAGATCGC	GGACTCCTAAGGAGTA	TAGGCATGTAGATCGC	CGAGGCTGCTCTCTAT	TCCTGAGCAGAGTAGA	AAGAGGCATAGATCGC	CTCTCTACAAGGAGTA	TAAGGCGAAGAGTAGA	TCCTGAGCTATCCTCT	TAAGGCGACTCTCTAT	CGTACTAGTATCCTCT	CGAGGCTGAAGGAGTA	GCTACGCTTATCCTCT	CGAGGCTGACTGCATA	GGACTCCTCTCTCTAT	CTCTCTACCTAAGCCT	AAGAGGCAGTAAGGAG	CTCTCTACTAGATCGC	GTAGAGGACTAAGCCT	AAGAGGCAAAGGAGTA	AAGAGGCAAGAGTAGA	GGACTCCTACTGCATA	CTCTCTACCTCTCTAT	TAAGGCGATAGATCGC	GCTACGCTGTAAGGAG	TAGGCATGAGAGTAGA	TAGGCATGCTCTCTAT	GTAGAGGACTCTCTAT	AGGCAGAAAGAGTAGA	TCCTGAGCCTCTCTAT	TAAGGCGAACTGCATA	GGACTCCTTATCCTCT	GCTACGCTACTGCATA	GCTACGCTCTAAGCCT	GTAGAGGAACTGCATA	GCTACGCTTAGATCGC	GTAGAGGAAAGGAGTA	GCTACGCTCTCTCTAT	GTAGAGGAGTAAGGAG
Zotu4	10026	16050	1481	962	12730	1052	1263	2114	1369	1677	11105	9278	10650	10622	990	1208	1591	7785	12022	762	3012	3330	1715	600	1034	11286	9803	10002	1194	2246	12030	954	12569	9685	1026	7979	9059	14664	15865	12999	1488	1686	3963	8151	15910	1877	11420	1428	12204	1619	1107	14303	1192	11750	3640	10458	1941	13510	759	1988	20500	1338	9475	1208	9205	9238	362	17831	2227	1539	1513	9585	1011	7592	365	617	967	4777	1723	586	942
Zotu1	8957	371	8216	7708	11806	7515	11998	2364	12066	9328	10519	639	905	11321	6975	636	11919	6716	10435	1236	783	625	1727	703	870	729	1261	273	6302	15688	1100	904	972	866	808	505	1089	402	305	12163	1260	983	1036	479	812	13258	841	1446	727	1592	552	14194	598	2521	523	1977	492	547	1279	8262	1060	8248	9028	318	602	8608	718	708	1015	8540	975	1175	1416	195	5290	8546	861	730	1259	878	848
Zotu2	1043	367	1510	7244	926	1101	10688	2218	9879	1018	881	656	563	1455	872	587	9895	669	1086	5839	1019	6901	10365	145	1126	649	833	7842	619	12919	903	5529	9991	1317	6647	5840	455	1076	1118	1822	9781	8980	10469	5746	627	11495	1002	1375	488	846	7200	926	821	9036	140	9490	7268	618	8609	518	1004	6791	1316	4467	491	914	282	540	650	944	6654	1144	6254	5521	210	212	878	176	835	190	5442
Zotu6	353	26	70	335	111	151	73	156	7758	31	182	42	180	314	153	320	489	302	29	302	2266	192	311	97	24	288	26	25	165	119	299	195	101	29	162	111	164	35	178	229	124	315	30	26	161	246	8273	218	26	5930	244	299	46	52	10	217	127	57	225	19	466	251	391	133	98	166	13	332	6347	445	199	464	292	31	76	48	6877	7	339	54	277
Zotu3	803	238	345	608	437	434	427	11538	964	8877	608	337	861	338	440	571	591	629	451	5577	6429	8697	12888	15	404	10126	623	141	327	605	873	282	940	358	302	275	7220	250	48	234	322	10985	11827	262	803	401	450	502	466	250	609	370	315	643	68	391	124	789	344	392	21275	500	256	143	7938	527	93	551	698	701	316	595	380	125	78	331	695	135	8247	72	647
Zotu7	442	421	512	978	1261	8422	1289	11270	770	456	633	9602	229	734	7780	761	636	120	309	372	316	860	850	163	12935	415	1133	708	6552	357	699	466	709	9802	384	348	234	40	53	321	669	283	875	160	71	760	281	371	434	453	437	800	461	562	189	388	294	12488	9836	333	1095	531	389	91	554	478	4527	52	313	9347	858	9201	522	231	169	362	683	187	8011	327	7631
Zotu10	224	176	7799	27	201	19	206	274	20	674	166	218	10014	188	233	216	21	373	444	245	212	185	30	181	26	227	170	18	210	225	25	191	531	423	591	151	335	17	19	196	12886	24	38	138	209	435	26	26	133	28	218	207	8088	442	234	462	149	9	14	25	38	154	33	207	113	27	180	183	409	212	26	215	241	164	5712	214	246	172	177	256	25
Zotu8	133	232	170	161	546	176	242	33	25	136	119	535	119	28	490	128	215	72	119	102	75	155	25	5705	12483	23	8831	281	137	156	141	119	25	183	87	213	121	245	291	285	25	108	827	230	146	33	166	130	310	223	129	21	107	159	3649	117	173	277	168	8492	26	118	194	4805	194	123	249	184	24	34	611	25	93	239	217	256	79	264	154	232	176
Zotu5	330	146	209	318	151	245	65	228	8224	307	246	176	36	465	307	3253	557	298	340	612	5392	48	467	4347	44	155	47	333	325	134	3947	4925	467	268	6455	217	172	337	4048	352	365	336	134	278	115	188	494	438	31	441	2932	383	342	57	189	349	6605	126	327	62	567	378	515	485	92	285	184	241	158	508	210	437	6083	311	285	1994	3755	207	403	222	363
Zotu13	14	11	13	179	17	297	224	34	18	12	192	8	14	12	10	14	104	8	161	15	10	144	191	277	185	18	11	146	144	214	170	6	12	162	13	7	7	141	85	166	17	144	162	13	165	20	108	152	11	7701	11	196	10	24	162	12	10	14	180	117	19	11	98	11	8	355	4537	107	16	18	131	16	132	5	186	228	11	4472	17	204	158
Zotu14	9	75	131	10	86	11	25	26	30	9	15	114	170	104	10	6717	206	170	9	21	8	183	30	9	12	207	12	6	125	18	200	111	12	9	12	9	224	5	5	27	115	6	10	6	172	160	21	9	8	35	85	107	99	19	39	18	65	6	2	5	271	11	17	6	55	11	7	183	7479	355	12	93	11	69	11	10	151	10	221	54	178
Zotu12	129	201	6	2	6	5	9	7	4	148	133	4	120	4	2	4	3	3	5	2	0	4	6	3	2	2	151	2	2	3	4	1	3	7	2	228	2	1	3	7	2	1	6	114	5	7	0	5	10531	4	2	14	1	185	2	2	4	281	5	238	5	129	3	6	259	2	2	3	7	1	2	5	3	2	1	4	1	3	156	2	3
Zotu11	1	86	131	1	3	1	4	2	5	161	2	104	10	4	7	103	5	1	174	1	3	1	6	1	2	2	2	2	91	6	4	84	202	156	123	0	95	3	4	3	172	1	1	1	6	4	1	3	1	4	94	6	7450	3	34	3	7	3	3	3	5	3	5	0	3	3	1	2	1	3	3	5	2	79	0	5	2	2	5	0	3
Zotu9	2	1	3	1	185	0	6	2	3	3	3	109	5	1	125	6	89	3	3	1	5	3	1	39	148	2	180	2	2	2	3	3	4	2	4	1	3	3	85	98	4	2	180	2	2	3	85	2	0	97	5	7	2	7	0	3	4	2	5	0	3	3	90	0	0	3	1	92	2	1	7671	4	4	1	1	1	7	2	4	1	1
