OTUId	TCCTGAGCAAGGAGTA	CGAGGCTGGTAAGGAG	CTCTCTACTATCCTCT	CGAGGCTGTATCCTCT	TAAGGCGAGTAAGGAG	TCCTGAGCGTAAGGAG	AGGCAGAACTCTCTAT	CGTACTAGAAGGAGTA	CGAGGCTGCTAAGCCT	AAGAGGCACTAAGCCT	TAAGGCGAAAGGAGTA	AGGCAGAATATCCTCT	AAGAGGCACTCTCTAT	AGGCAGAAACTGCATA	TAGGCATGAAGGAGTA	GTAGAGGATATCCTCT	GTAGAGGAAGAGTAGA	TAGGCATGACTGCATA	CGTACTAGTAGATCGC	AAGAGGCAACTGCATA	TCCTGAGCACTGCATA	TAGGCATGGTAAGGAG	AGGCAGAAGTAAGGAG	TAAGGCGACTAAGCCT	GCTACGCTAGAGTAGA	TAGGCATGCTAAGCCT	GGACTCCTGTAAGGAG	AGGCAGAAAAGGAGTA	TAAGGCGATATCCTCT	AAGAGGCATATCCTCT	CGAGGCTGTAGATCGC	GTAGAGGATAGATCGC	CGTACTAGCTAAGCCT	CTCTCTACACTGCATA	CGTACTAGGTAAGGAG	CGTACTAGACTGCATA	TAGGCATGTATCCTCT	GGACTCCTTAGATCGC	GGACTCCTAGAGTAGA	CGAGGCTGAGAGTAGA	TCCTGAGCTAGATCGC	CGTACTAGCTCTCTAT	AGGCAGAATAGATCGC	GGACTCCTAAGGAGTA	TAGGCATGTAGATCGC	TCCTGAGCAGAGTAGA	CGAGGCTGCTCTCTAT	AAGAGGCATAGATCGC	CTCTCTACAAGGAGTA	TAAGGCGAAGAGTAGA	TCCTGAGCTATCCTCT	TAAGGCGACTCTCTAT	CGTACTAGTATCCTCT	CGAGGCTGAAGGAGTA	GCTACGCTTATCCTCT	CGAGGCTGACTGCATA	GGACTCCTCTCTCTAT	CTCTCTACCTAAGCCT	AAGAGGCAGTAAGGAG	CTCTCTACTAGATCGC	GTAGAGGACTAAGCCT	AAGAGGCAAGAGTAGA	AAGAGGCAAAGGAGTA	GGACTCCTACTGCATA	CTCTCTACCTCTCTAT	GCTACGCTGTAAGGAG	TAAGGCGATAGATCGC	TAGGCATGAGAGTAGA	TAGGCATGCTCTCTAT	AGGCAGAAAGAGTAGA	GTAGAGGACTCTCTAT	TCCTGAGCCTCTCTAT	TAAGGCGAACTGCATA	GGACTCCTTATCCTCT	GCTACGCTACTGCATA	GCTACGCTCTAAGCCT	GTAGAGGAACTGCATA	GCTACGCTTAGATCGC	GTAGAGGAAAGGAGTA	GCTACGCTCTCTCTAT	GTAGAGGAGTAAGGAG
Zotu3	10026	1263	16050	1481	1052	962	12730	1677	2114	1369	11105	9278	10622	990	10650	1208	1591	7785	12022	762	3012	3330	1034	1715	600	11286	10002	9803	1194	954	2246	12030	12569	7979	9685	1026	9059	14664	15865	12999	1686	1488	3963	8151	15910	11420	1877	1428	12204	1619	1107	14303	1192	11750	3640	10458	1941	13510	759	1988	20500	9475	1338	1208	9205	362	9238	17831	2227	1513	1539	9585	1011	7592	365	617	967	4777	1723	586	942
Zotu2	1043	10688	367	1510	1101	7244	926	1018	2218	9879	881	656	1455	872	563	587	9895	669	1086	5839	1019	6901	1126	10365	145	649	7842	833	619	5529	12919	903	9991	5840	1317	6647	455	1076	1118	1822	8980	9781	10469	5746	627	1002	11495	1375	488	846	7200	926	821	9036	140	9490	7268	618	8609	518	1004	1316	6791	4467	491	282	914	540	650	6654	944	1144	6254	5521	210	212	878	176	835	190	5442
Zotu1	8957	11998	371	8216	7515	7708	11806	9328	2364	12066	10519	639	11321	6975	905	636	11919	6716	10435	1236	783	625	870	1727	703	729	273	1261	6302	904	15688	1100	972	505	866	808	1089	402	305	12163	983	1260	1036	479	812	841	13258	1446	727	1592	552	14194	598	2521	523	1977	492	547	1279	8262	1060	9028	8248	318	602	718	8608	708	1015	975	8540	1175	1416	195	5290	8546	861	730	1259	878	848
Zotu5	803	427	238	345	434	608	437	8877	11538	964	608	337	338	440	861	571	591	629	451	5577	6429	8697	404	12888	15	10126	141	623	327	282	605	873	940	275	358	302	7220	250	48	234	10985	322	11827	262	803	450	401	502	466	250	609	370	315	643	68	391	124	789	344	392	21275	256	500	143	7938	93	527	551	698	316	701	595	380	125	78	331	695	135	8247	72	647
Zotu7	353	73	26	70	151	335	111	31	156	7758	182	42	314	153	180	320	489	302	29	302	2266	192	24	311	97	288	25	26	165	195	119	299	101	111	29	162	164	35	178	229	315	124	30	26	161	8273	246	218	26	5930	244	299	46	52	10	217	127	57	225	19	466	391	251	133	98	13	166	332	6347	199	445	464	292	31	76	48	6877	7	339	54	277
Zotu4	442	1289	421	512	8422	978	1261	456	11270	770	633	9602	734	7780	229	761	636	120	309	372	316	860	12935	850	163	415	708	1133	6552	466	357	699	709	348	9802	384	234	40	53	321	283	669	875	160	71	281	760	371	434	453	437	800	461	562	189	388	294	12488	9836	333	1095	389	531	91	554	4527	478	52	313	858	9347	9201	522	231	169	362	683	187	8011	327	7631
Zotu8	133	242	232	170	176	161	546	136	33	25	119	535	28	490	119	128	215	72	119	102	75	155	12483	25	5705	23	281	8831	137	119	156	141	25	213	183	87	121	245	291	285	108	25	827	230	146	166	33	130	310	223	129	21	107	159	3649	117	173	277	168	8492	26	194	118	4805	194	249	123	184	24	611	34	25	93	239	217	256	79	264	154	232	176
Zotu10	224	206	176	7799	19	27	201	674	274	20	166	218	188	233	10014	216	21	373	444	245	212	185	26	30	181	227	18	170	210	191	225	25	531	151	423	591	335	17	19	196	24	12886	38	138	209	26	435	26	133	28	218	207	8088	442	234	462	149	9	14	25	38	33	154	207	113	180	27	183	409	26	212	215	241	164	5712	214	246	172	177	256	25
Zotu6	330	65	146	209	245	318	151	307	228	8224	246	176	465	307	36	3253	557	298	340	612	5392	48	44	467	4347	155	333	47	325	4925	134	3947	467	217	268	6455	172	337	4048	352	336	365	134	278	115	494	188	438	31	441	2932	383	342	57	189	349	6605	126	327	62	567	515	378	485	92	184	285	241	158	210	508	437	6083	311	285	1994	3755	207	403	222	363
Zotu13	14	224	11	13	297	179	17	12	34	18	192	8	12	10	14	14	104	8	161	15	10	144	185	191	277	18	146	11	144	6	214	170	12	7	162	13	7	141	85	166	144	17	162	13	165	108	20	152	11	7701	11	196	10	24	162	12	10	14	180	117	19	98	11	11	8	4537	355	107	16	131	18	16	132	5	186	228	11	4472	17	204	158
Zotu14	9	25	75	131	11	10	86	9	26	30	15	114	104	10	170	6717	206	170	9	21	8	183	12	30	9	207	6	12	125	111	18	200	12	9	9	12	224	5	5	27	6	115	10	6	172	21	160	9	8	35	85	107	99	19	39	18	65	6	2	5	271	17	11	6	55	7	11	183	7479	12	355	93	11	69	11	10	151	10	221	54	178
Zotu12	129	9	201	6	5	2	6	148	7	4	133	4	4	2	120	4	3	3	5	2	0	4	2	6	3	2	2	151	2	1	3	4	3	228	7	2	2	1	3	7	1	2	6	114	5	0	7	5	10531	4	2	14	1	185	2	2	4	281	5	238	5	3	129	6	259	2	2	3	7	2	1	5	3	2	1	4	1	3	156	2	3
Zotu11	1	4	86	131	1	1	3	161	2	5	2	104	4	7	10	103	5	1	174	1	3	1	2	6	1	2	2	2	91	84	6	4	202	0	156	123	95	3	4	3	1	172	1	1	6	1	4	3	1	4	94	6	7450	3	34	3	7	3	3	3	5	5	3	0	3	1	3	2	1	3	3	5	2	79	0	5	2	2	5	0	3
Zotu9	2	6	1	3	0	1	185	3	2	3	3	109	1	125	5	6	89	3	3	1	5	3	148	1	39	2	2	180	2	3	2	3	4	1	2	4	3	3	85	98	2	4	180	2	2	85	3	2	0	97	5	7	2	7	0	3	4	2	5	0	3	90	3	0	0	1	3	92	2	7671	1	4	4	1	1	1	7	2	4	1	1
