OTUId	TCCTGAGCAAGGAGTA	CGAGGCTGGTAAGGAG	CGAGGCTGTATCCTCT	TAAGGCGAGTAAGGAG	AGGCAGAACTCTCTAT	TCCTGAGCGTAAGGAG	CTCTCTACTATCCTCT	CGTACTAGAAGGAGTA	AAGAGGCACTAAGCCT	CGAGGCTGCTAAGCCT	TAAGGCGAAAGGAGTA	AGGCAGAATATCCTCT	TAGGCATGAAGGAGTA	AAGAGGCACTCTCTAT	AGGCAGAAACTGCATA	GTAGAGGATATCCTCT	GTAGAGGAAGAGTAGA	TAGGCATGACTGCATA	CGTACTAGTAGATCGC	TCCTGAGCACTGCATA	AAGAGGCAACTGCATA	TAGGCATGGTAAGGAG	TAAGGCGACTAAGCCT	AGGCAGAAGTAAGGAG	GCTACGCTAGAGTAGA	TAGGCATGCTAAGCCT	GGACTCCTGTAAGGAG	AGGCAGAAAAGGAGTA	TAAGGCGATATCCTCT	AAGAGGCATATCCTCT	CGAGGCTGTAGATCGC	GTAGAGGATAGATCGC	CGTACTAGCTAAGCCT	CTCTCTACACTGCATA	CGTACTAGGTAAGGAG	CGTACTAGACTGCATA	TAGGCATGTATCCTCT	GGACTCCTTAGATCGC	GGACTCCTAGAGTAGA	CGAGGCTGAGAGTAGA	TCCTGAGCTAGATCGC	CGTACTAGCTCTCTAT	AGGCAGAATAGATCGC	GGACTCCTAAGGAGTA	TAGGCATGTAGATCGC	CGAGGCTGCTCTCTAT	AAGAGGCATAGATCGC	TCCTGAGCAGAGTAGA	CTCTCTACAAGGAGTA	TAAGGCGAAGAGTAGA	TCCTGAGCTATCCTCT	TAAGGCGACTCTCTAT	CGTACTAGTATCCTCT	CGAGGCTGAAGGAGTA	GCTACGCTTATCCTCT	CGAGGCTGACTGCATA	GGACTCCTCTCTCTAT	CTCTCTACCTAAGCCT	AAGAGGCAGTAAGGAG	CTCTCTACTAGATCGC	GTAGAGGACTAAGCCT	AAGAGGCAAGAGTAGA	AAGAGGCAAAGGAGTA	GGACTCCTACTGCATA	CTCTCTACCTCTCTAT	TAAGGCGATAGATCGC	GCTACGCTGTAAGGAG	TAGGCATGAGAGTAGA	TAGGCATGCTCTCTAT	AGGCAGAAAGAGTAGA	GTAGAGGACTCTCTAT	TCCTGAGCCTCTCTAT	TAAGGCGAACTGCATA	GGACTCCTTATCCTCT	GCTACGCTACTGCATA	GCTACGCTCTAAGCCT	GTAGAGGAACTGCATA	GCTACGCTTAGATCGC	GTAGAGGAAAGGAGTA	GCTACGCTCTCTCTAT	GTAGAGGAGTAAGGAG
Zotu3	10026	1263	1481	1052	12730	962	16050	1677	1369	2114	11105	9278	10650	10622	990	1208	1591	7785	12022	3012	762	3330	1715	1034	600	11286	10002	9803	1194	954	2246	12030	12569	7979	9685	1026	9059	14664	15865	12999	1686	1488	3963	8151	15910	1877	1428	11420	12204	1619	1107	14303	1192	11750	3640	10458	1941	13510	759	1988	20500	9475	1338	1208	9205	9238	362	17831	2227	1513	1539	9585	1011	7592	365	617	967	4777	1723	586	942
Zotu2	1043	10688	1510	1101	926	7244	367	1018	9879	2218	881	656	563	1455	872	587	9895	669	1086	1019	5839	6901	10365	1126	145	649	7842	833	619	5529	12919	903	9991	5840	1317	6647	455	1076	1118	1822	8980	9781	10469	5746	627	11495	1375	1002	488	846	7200	926	821	9036	140	9490	7268	618	8609	518	1004	1316	6791	4467	491	914	282	540	650	6654	944	1144	6254	5521	210	212	878	176	835	190	5442
Zotu1	8957	11998	8216	7515	11806	7708	371	9328	12066	2364	10519	639	905	11321	6975	636	11919	6716	10435	783	1236	625	1727	870	703	729	273	1261	6302	904	15688	1100	972	505	866	808	1089	402	305	12163	983	1260	1036	479	812	13258	1446	841	727	1592	552	14194	598	2521	523	1977	492	547	1279	8262	1060	9028	8248	318	602	8608	718	708	1015	975	8540	1175	1416	195	5290	8546	861	730	1259	878	848
Zotu5	803	427	345	434	437	608	238	8877	964	11538	608	337	861	338	440	571	591	629	451	6429	5577	8697	12888	404	15	10126	141	623	327	282	605	873	940	275	358	302	7220	250	48	234	10985	322	11827	262	803	401	502	450	466	250	609	370	315	643	68	391	124	789	344	392	21275	256	500	143	7938	527	93	551	698	316	701	595	380	125	78	331	695	135	8247	72	647
Zotu9	353	73	70	151	111	335	26	31	7758	156	182	42	180	314	153	320	489	302	29	2266	302	192	311	24	97	288	25	26	165	195	119	299	101	111	29	162	164	35	178	229	315	124	30	26	161	246	218	8273	26	5930	244	299	46	52	10	217	127	57	225	19	466	391	251	133	98	166	13	332	6347	199	445	464	292	31	76	48	6877	7	339	54	277
Zotu4	442	1289	512	8422	1261	978	421	456	770	11270	633	9602	229	734	7780	761	636	120	309	316	372	860	850	12935	163	415	708	1133	6552	466	357	699	709	348	9802	384	234	40	53	321	283	669	875	160	71	760	371	281	434	453	437	800	461	562	189	388	294	12488	9836	333	1095	389	531	91	554	478	4527	52	313	858	9347	9201	522	231	169	362	683	187	8011	327	7631
Zotu10	224	206	7799	19	201	27	176	674	20	274	166	218	10014	188	233	216	21	373	444	212	245	185	30	26	181	227	18	170	210	191	225	25	531	151	423	591	335	17	19	196	24	12886	38	138	209	435	26	26	133	28	218	207	8088	442	234	462	149	9	14	25	38	33	154	207	113	27	180	183	409	26	212	215	241	164	5712	214	246	172	177	256	25
Zotu8	133	242	170	176	546	161	232	136	25	33	119	535	119	28	490	128	215	72	119	75	102	155	25	12483	5705	23	281	8831	137	119	156	141	25	213	183	87	121	245	291	285	108	25	827	230	146	33	130	166	310	223	129	21	107	159	3649	117	173	277	168	8492	26	194	118	4805	194	123	249	184	24	611	34	25	93	239	217	256	79	264	154	232	176
Zotu6	330	65	209	245	151	318	146	307	8224	228	246	176	36	465	307	3253	557	298	340	5392	612	48	467	44	4347	155	333	47	325	4925	134	3947	467	217	268	6455	172	337	4048	352	336	365	134	278	115	188	438	494	31	441	2932	383	342	57	189	349	6605	126	327	62	567	515	378	485	92	285	184	241	158	210	508	437	6083	311	285	1994	3755	207	403	222	363
Zotu11	14	224	13	297	17	179	11	12	18	34	192	8	14	12	10	14	104	8	161	10	15	144	191	185	277	18	146	11	144	6	214	170	12	7	162	13	7	141	85	166	144	17	162	13	165	20	152	108	11	7701	11	196	10	24	162	12	10	14	180	117	19	98	11	11	8	355	4537	107	16	131	18	16	132	5	186	228	11	4472	17	204	158
Zotu14	9	25	131	11	86	10	75	9	30	26	15	114	170	104	10	6717	206	170	9	8	21	183	30	12	9	207	6	12	125	111	18	200	12	9	9	12	224	5	5	27	6	115	10	6	172	160	9	21	8	35	85	107	99	19	39	18	65	6	2	5	271	17	11	6	55	11	7	183	7479	12	355	93	11	69	11	10	151	10	221	54	178
Zotu7	129	9	6	5	6	2	201	148	4	7	133	4	120	4	2	4	3	3	5	0	2	4	6	2	3	2	2	151	2	1	3	4	3	228	7	2	2	1	3	7	1	2	6	114	5	7	5	0	10531	4	2	14	1	185	2	2	4	281	5	238	5	3	129	6	259	2	2	3	7	2	1	5	3	2	1	4	1	3	156	2	3
Zotu12	1	4	131	1	3	1	86	161	5	2	2	104	10	4	7	103	5	1	174	3	1	1	6	2	1	2	2	2	91	84	6	4	202	0	156	123	95	3	4	3	1	172	1	1	6	4	3	1	1	4	94	6	7450	3	34	3	7	3	3	3	5	5	3	0	3	3	1	2	1	3	3	5	2	79	0	5	2	2	5	0	3
Zotu15	254	317	319	318	404	252	51	405	431	135	499	58	151	357	171	67	279	194	334	82	92	103	137	86	37	94	67	134	279	71	512	154	90	67	106	93	80	105	61	415	134	153	164	111	135	460	133	96	125	128	56	647	59	187	27	121	126	67	102	180	109	260	298	68	101	476	37	125	142	99	363	157	119	44	128	129	77	51	132	74	103
Zotu13	2	6	3	0	185	1	1	3	3	2	3	109	5	1	125	6	89	3	3	5	1	3	1	148	39	2	2	180	2	3	2	3	4	1	2	4	3	3	85	98	2	4	180	2	2	3	2	85	0	97	5	7	2	7	0	3	4	2	5	0	3	90	3	0	0	3	1	92	2	7671	1	4	4	1	1	1	7	2	4	1	1
