OTUId	TCCTGAGCAAGGAGTA	CGAGGCTGTATCCTCT	CGAGGCTGGTAAGGAG	TAAGGCGAGTAAGGAG	CTCTCTACTATCCTCT	AGGCAGAACTCTCTAT	TCCTGAGCGTAAGGAG	CGAGGCTGCTAAGCCT	CGTACTAGAAGGAGTA	AAGAGGCACTAAGCCT	TAAGGCGAAAGGAGTA	AGGCAGAATATCCTCT	TAGGCATGAAGGAGTA	AAGAGGCACTCTCTAT	AGGCAGAAACTGCATA	GTAGAGGATATCCTCT	GTAGAGGAAGAGTAGA	TAGGCATGACTGCATA	AAGAGGCAACTGCATA	TCCTGAGCACTGCATA	CGTACTAGTAGATCGC	TAGGCATGGTAAGGAG	TAAGGCGACTAAGCCT	GCTACGCTAGAGTAGA	TAGGCATGCTAAGCCT	AGGCAGAAGTAAGGAG	GGACTCCTGTAAGGAG	AGGCAGAAAAGGAGTA	TAAGGCGATATCCTCT	AAGAGGCATATCCTCT	GTAGAGGATAGATCGC	CGAGGCTGTAGATCGC	CGTACTAGCTAAGCCT	CTCTCTACACTGCATA	CGTACTAGGTAAGGAG	CGTACTAGACTGCATA	TAGGCATGTATCCTCT	GGACTCCTTAGATCGC	GGACTCCTAGAGTAGA	CGAGGCTGAGAGTAGA	TCCTGAGCTAGATCGC	CGTACTAGCTCTCTAT	AGGCAGAATAGATCGC	GGACTCCTAAGGAGTA	TAGGCATGTAGATCGC	TCCTGAGCAGAGTAGA	CGAGGCTGCTCTCTAT	AAGAGGCATAGATCGC	CTCTCTACAAGGAGTA	TAAGGCGAAGAGTAGA	TCCTGAGCTATCCTCT	TAAGGCGACTCTCTAT	CGAGGCTGAAGGAGTA	CGTACTAGTATCCTCT	GCTACGCTTATCCTCT	CGAGGCTGACTGCATA	GGACTCCTCTCTCTAT	CTCTCTACCTAAGCCT	AAGAGGCAGTAAGGAG	CTCTCTACTAGATCGC	GTAGAGGACTAAGCCT	AAGAGGCAAGAGTAGA	AAGAGGCAAAGGAGTA	GGACTCCTACTGCATA	CTCTCTACCTCTCTAT	GCTACGCTGTAAGGAG	TAAGGCGATAGATCGC	TAGGCATGAGAGTAGA	TAGGCATGCTCTCTAT	AGGCAGAAAGAGTAGA	GTAGAGGACTCTCTAT	TCCTGAGCCTCTCTAT	TAAGGCGAACTGCATA	GGACTCCTTATCCTCT	GCTACGCTACTGCATA	GCTACGCTCTAAGCCT	GTAGAGGAACTGCATA	GCTACGCTTAGATCGC	GTAGAGGAAAGGAGTA	GCTACGCTCTCTCTAT	GTAGAGGAGTAAGGAG
Zotu3	10026	1481	1263	1052	16050	12730	962	2114	1677	1369	11105	9278	10650	10622	990	1208	1591	7785	762	3012	12022	3330	1715	600	11286	1034	10002	9803	1194	954	12030	2246	12569	7979	9685	1026	9059	14664	15865	12999	1686	1488	3963	8151	15910	11420	1877	1428	12204	1619	1107	14303	11750	1192	3640	10458	1941	13510	759	1988	20500	9475	1338	1208	9205	362	9238	17831	2227	1513	1539	9585	1011	7592	365	617	967	4777	1723	586	942
Zotu1	8957	8216	11998	7515	371	11806	7708	2364	9328	12066	10519	639	905	11321	6975	636	11919	6716	1236	783	10435	625	1727	703	729	870	273	1261	6302	904	1100	15688	972	505	866	808	1089	402	305	12163	983	1260	1036	479	812	841	13258	1446	727	1592	552	14194	2521	598	523	1977	492	547	1279	8262	1060	9028	8248	318	602	718	8608	708	1015	975	8540	1175	1416	195	5290	8546	861	730	1259	878	848
Zotu2	1043	1510	10688	1101	367	926	7244	2218	1018	9879	881	656	563	1455	872	587	9895	669	5839	1019	1086	6901	10365	145	649	1126	7842	833	619	5529	903	12919	9991	5840	1317	6647	455	1076	1118	1822	8980	9781	10469	5746	627	1002	11495	1375	488	846	7200	926	9036	821	140	9490	7268	618	8609	518	1004	1316	6791	4467	491	282	914	540	650	6654	944	1144	6254	5521	210	212	878	176	835	190	5442
Zotu5	803	345	427	434	238	437	608	11538	8877	964	608	337	861	338	440	571	591	629	5577	6429	451	8697	12888	15	10126	404	141	623	327	282	873	605	940	275	358	302	7220	250	48	234	10985	322	11827	262	803	450	401	502	466	250	609	370	643	315	68	391	124	789	344	392	21275	256	500	143	7938	93	527	551	698	316	701	595	380	125	78	331	695	135	8247	72	647
Zotu11	353	70	73	151	26	111	335	156	31	7758	182	42	180	314	153	320	489	302	302	2266	29	192	311	97	288	24	25	26	165	195	299	119	101	111	29	162	164	35	178	229	315	124	30	26	161	8273	246	218	26	5930	244	299	52	46	10	217	127	57	225	19	466	391	251	133	98	13	166	332	6347	199	445	464	292	31	76	48	6877	7	339	54	277
Zotu4	442	512	1289	8422	421	1261	978	11270	456	770	633	9602	229	734	7780	761	636	120	372	316	309	860	850	163	415	12935	708	1133	6552	466	699	357	709	348	9802	384	234	40	53	321	283	669	875	160	71	281	760	371	434	453	437	800	562	461	189	388	294	12488	9836	333	1095	389	531	91	554	4527	478	52	313	858	9347	9201	522	231	169	362	683	187	8011	327	7631
Zotu7	224	7799	206	19	176	201	27	274	674	20	166	218	10014	188	233	216	21	373	245	212	444	185	30	181	227	26	18	170	210	191	25	225	531	151	423	591	335	17	19	196	24	12886	38	138	209	26	435	26	133	28	218	207	442	8088	234	462	149	9	14	25	38	33	154	207	113	180	27	183	409	26	212	215	241	164	5712	214	246	172	177	256	25
Zotu9	133	170	242	176	232	546	161	33	136	25	119	535	119	28	490	128	215	72	102	75	119	155	25	5705	23	12483	281	8831	137	119	141	156	25	213	183	87	121	245	291	285	108	25	827	230	146	166	33	130	310	223	129	21	159	107	3649	117	173	277	168	8492	26	194	118	4805	194	249	123	184	24	611	34	25	93	239	217	256	79	264	154	232	176
Zotu6	330	209	65	245	146	151	318	228	307	8224	246	176	36	465	307	3253	557	298	612	5392	340	48	467	4347	155	44	333	47	325	4925	3947	134	467	217	268	6455	172	337	4048	352	336	365	134	278	115	494	188	438	31	441	2932	383	57	342	189	349	6605	126	327	62	567	515	378	485	92	184	285	241	158	210	508	437	6083	311	285	1994	3755	207	403	222	363
Zotu10	14	13	224	297	11	17	179	34	12	18	192	8	14	12	10	14	104	8	15	10	161	144	191	277	18	185	146	11	144	6	170	214	12	7	162	13	7	141	85	166	144	17	162	13	165	108	20	152	11	7701	11	196	24	10	162	12	10	14	180	117	19	98	11	11	8	4537	355	107	16	131	18	16	132	5	186	228	11	4472	17	204	158
Zotu14	9	131	25	11	75	86	10	26	9	30	15	114	170	104	10	6717	206	170	21	8	9	183	30	9	207	12	6	12	125	111	200	18	12	9	9	12	224	5	5	27	6	115	10	6	172	21	160	9	8	35	85	107	19	99	39	18	65	6	2	5	271	17	11	6	55	7	11	183	7479	12	355	93	11	69	11	10	151	10	221	54	178
Zotu8	129	6	9	5	201	6	2	7	148	4	133	4	120	4	2	4	3	3	2	0	5	4	6	3	2	2	2	151	2	1	4	3	3	228	7	2	2	1	3	7	1	2	6	114	5	0	7	5	10531	4	2	14	185	1	2	2	4	281	5	238	5	3	129	6	259	2	2	3	7	2	1	5	3	2	1	4	1	3	156	2	3
Zotu12	1	131	4	1	86	3	1	2	161	5	2	104	10	4	7	103	5	1	1	3	174	1	6	1	2	2	2	2	91	84	4	6	202	0	156	123	95	3	4	3	1	172	1	1	6	1	4	3	1	4	94	6	3	7450	34	3	7	3	3	3	5	5	3	0	3	1	3	2	1	3	3	5	2	79	0	5	2	2	5	0	3
Zotu15	254	319	317	318	51	404	252	135	405	431	499	58	151	357	171	67	279	194	92	82	334	103	137	37	94	86	67	134	279	71	154	512	90	67	106	93	80	105	61	415	134	153	164	111	135	96	460	133	125	128	56	647	187	59	27	121	126	67	102	180	109	260	298	68	101	37	476	125	142	99	363	157	119	44	128	129	77	51	132	74	103
Zotu13	2	3	6	0	1	185	1	2	3	3	3	109	5	1	125	6	89	3	1	5	3	3	1	39	2	148	2	180	2	3	3	2	4	1	2	4	3	3	85	98	2	4	180	2	2	85	3	2	0	97	5	7	7	2	0	3	4	2	5	0	3	90	3	0	0	1	3	92	2	7671	1	4	4	1	1	1	7	2	4	1	1
