OTUId	TCCTGAGCAAGGAGTA	CGAGGCTGGTAAGGAG	CTCTCTACTATCCTCT	CGAGGCTGTATCCTCT	AGGCAGAACTCTCTAT	TCCTGAGCGTAAGGAG	CGTACTAGAAGGAGTA	CGAGGCTGCTAAGCCT	TAAGGCGAGTAAGGAG	AAGAGGCACTAAGCCT	TAAGGCGAAAGGAGTA	AGGCAGAATATCCTCT	TAGGCATGAAGGAGTA	AAGAGGCACTCTCTAT	AGGCAGAAACTGCATA	GTAGAGGATATCCTCT	GTAGAGGAAGAGTAGA	TAGGCATGACTGCATA	CGTACTAGTAGATCGC	AAGAGGCAACTGCATA	TCCTGAGCACTGCATA	TAAGGCGACTAAGCCT	GCTACGCTAGAGTAGA	TAGGCATGCTAAGCCT	GGACTCCTGTAAGGAG	TAGGCATGGTAAGGAG	AGGCAGAAAAGGAGTA	TAAGGCGATATCCTCT	AGGCAGAAGTAAGGAG	AAGAGGCATATCCTCT	CGAGGCTGTAGATCGC	GTAGAGGATAGATCGC	CGTACTAGCTAAGCCT	CTCTCTACACTGCATA	CGTACTAGGTAAGGAG	CGTACTAGACTGCATA	GGACTCCTTAGATCGC	TAGGCATGTATCCTCT	GGACTCCTAGAGTAGA	CGAGGCTGAGAGTAGA	TCCTGAGCTAGATCGC	AGGCAGAATAGATCGC	GGACTCCTAAGGAGTA	CGTACTAGCTCTCTAT	TAGGCATGTAGATCGC	TCCTGAGCAGAGTAGA	CGAGGCTGCTCTCTAT	AAGAGGCATAGATCGC	CTCTCTACAAGGAGTA	TAAGGCGAAGAGTAGA	TCCTGAGCTATCCTCT	TAAGGCGACTCTCTAT	CGTACTAGTATCCTCT	CGAGGCTGAAGGAGTA	GCTACGCTTATCCTCT	CGAGGCTGACTGCATA	GGACTCCTCTCTCTAT	CTCTCTACCTAAGCCT	AAGAGGCAGTAAGGAG	CTCTCTACTAGATCGC	GTAGAGGACTAAGCCT	AAGAGGCAAAGGAGTA	AAGAGGCAAGAGTAGA	GGACTCCTACTGCATA	CTCTCTACCTCTCTAT	TAAGGCGATAGATCGC	GCTACGCTGTAAGGAG	TAGGCATGAGAGTAGA	TAGGCATGCTCTCTAT	AGGCAGAAAGAGTAGA	GTAGAGGACTCTCTAT	TCCTGAGCCTCTCTAT	TAAGGCGAACTGCATA	GGACTCCTTATCCTCT	GCTACGCTACTGCATA	GCTACGCTCTAAGCCT	GTAGAGGAACTGCATA	GCTACGCTTAGATCGC	GTAGAGGAAAGGAGTA	GCTACGCTCTCTCTAT	GTAGAGGAGTAAGGAG
Zotu3	10026	1263	16050	1481	12730	962	1677	2114	1052	1369	11105	9278	10650	10622	990	1208	1591	7785	12022	762	3012	1715	600	11286	10002	3330	9803	1194	1034	954	2246	12030	12569	7979	9685	1026	14664	9059	15865	12999	1686	3963	8151	1488	15910	11420	1877	1428	12204	1619	1107	14303	1192	11750	3640	10458	1941	13510	759	1988	20500	1338	9475	1208	9205	9238	362	17831	2227	1513	1539	9585	1011	7592	365	617	967	4777	1723	586	942
Zotu2	1043	10688	367	1510	926	7244	1018	2218	1101	9879	881	656	563	1455	872	587	9895	669	1086	5839	1019	10365	145	649	7842	6901	833	619	1126	5529	12919	903	9991	5840	1317	6647	1076	455	1118	1822	8980	10469	5746	9781	627	1002	11495	1375	488	846	7200	926	821	9036	140	9490	7268	618	8609	518	1004	6791	1316	4467	491	914	282	540	650	6654	944	1144	6254	5521	210	212	878	176	835	190	5442
Zotu1	8957	11998	371	8216	11806	7708	9328	2364	7515	12066	10519	639	905	11321	6975	636	11919	6716	10435	1236	783	1727	703	729	273	625	1261	6302	870	904	15688	1100	972	505	866	808	402	1089	305	12163	983	1036	479	1260	812	841	13258	1446	727	1592	552	14194	598	2521	523	1977	492	547	1279	8262	1060	8248	9028	318	602	8608	718	708	1015	975	8540	1175	1416	195	5290	8546	861	730	1259	878	848
Zotu5	803	427	238	345	437	608	8877	11538	434	964	608	337	861	338	440	571	591	629	451	5577	6429	12888	15	10126	141	8697	623	327	404	282	605	873	940	275	358	302	250	7220	48	234	10985	11827	262	322	803	450	401	502	466	250	609	370	315	643	68	391	124	789	344	392	21275	500	256	143	7938	527	93	551	698	316	701	595	380	125	78	331	695	135	8247	72	647
Zotu11	353	73	26	70	111	335	31	156	151	7758	182	42	180	314	153	320	489	302	29	302	2266	311	97	288	25	192	26	165	24	195	119	299	101	111	29	162	35	164	178	229	315	30	26	124	161	8273	246	218	26	5930	244	299	46	52	10	217	127	57	225	19	466	251	391	133	98	166	13	332	6347	199	445	464	292	31	76	48	6877	7	339	54	277
Zotu4	442	1289	421	512	1261	978	456	11270	8422	770	633	9602	229	734	7780	761	636	120	309	372	316	850	163	415	708	860	1133	6552	12935	466	357	699	709	348	9802	384	40	234	53	321	283	875	160	669	71	281	760	371	434	453	437	800	461	562	189	388	294	12488	9836	333	1095	531	389	91	554	478	4527	52	313	858	9347	9201	522	231	169	362	683	187	8011	327	7631
Zotu7	224	206	176	7799	201	27	674	274	19	20	166	218	10014	188	233	216	21	373	444	245	212	30	181	227	18	185	170	210	26	191	225	25	531	151	423	591	17	335	19	196	24	38	138	12886	209	26	435	26	133	28	218	207	8088	442	234	462	149	9	14	25	38	154	33	207	113	27	180	183	409	26	212	215	241	164	5712	214	246	172	177	256	25
Zotu9	133	242	232	170	546	161	136	33	176	25	119	535	119	28	490	128	215	72	119	102	75	25	5705	23	281	155	8831	137	12483	119	156	141	25	213	183	87	245	121	291	285	108	827	230	25	146	166	33	130	310	223	129	21	107	159	3649	117	173	277	168	8492	26	118	194	4805	194	123	249	184	24	611	34	25	93	239	217	256	79	264	154	232	176
Zotu6	330	65	146	209	151	318	307	228	245	8224	246	176	36	465	307	3253	557	298	340	612	5392	467	4347	155	333	48	47	325	44	4925	134	3947	467	217	268	6455	337	172	4048	352	336	134	278	365	115	494	188	438	31	441	2932	383	342	57	189	349	6605	126	327	62	567	378	515	485	92	285	184	241	158	210	508	437	6083	311	285	1994	3755	207	403	222	363
Zotu10	14	224	11	13	17	179	12	34	297	18	192	8	14	12	10	14	104	8	161	15	10	191	277	18	146	144	11	144	185	6	214	170	12	7	162	13	141	7	85	166	144	162	13	17	165	108	20	152	11	7701	11	196	10	24	162	12	10	14	180	117	19	11	98	11	8	355	4537	107	16	131	18	16	132	5	186	228	11	4472	17	204	158
Zotu13	9	25	75	131	86	10	9	26	11	30	15	114	170	104	10	6717	206	170	9	21	8	30	9	207	6	183	12	125	12	111	18	200	12	9	9	12	5	224	5	27	6	10	6	115	172	21	160	9	8	35	85	107	99	19	39	18	65	6	2	5	271	11	17	6	55	11	7	183	7479	12	355	93	11	69	11	10	151	10	221	54	178
Zotu8	129	9	201	6	6	2	148	7	5	4	133	4	120	4	2	4	3	3	5	2	0	6	3	2	2	4	151	2	2	1	3	4	3	228	7	2	1	2	3	7	1	6	114	2	5	0	7	5	10531	4	2	14	1	185	2	2	4	281	5	238	5	129	3	6	259	2	2	3	7	2	1	5	3	2	1	4	1	3	156	2	3
Zotu14	1	4	86	131	3	1	161	2	1	5	2	104	10	4	7	103	5	1	174	1	3	6	1	2	2	1	2	91	2	84	6	4	202	0	156	123	3	95	4	3	1	1	1	172	6	1	4	3	1	4	94	6	7450	3	34	3	7	3	3	3	5	3	5	0	3	3	1	2	1	3	3	5	2	79	0	5	2	2	5	0	3
Zotu15	254	317	51	319	404	252	405	135	318	431	499	58	151	357	171	67	279	194	334	92	82	137	37	94	67	103	134	279	86	71	512	154	90	67	106	93	105	80	61	415	134	164	111	153	135	96	460	133	125	128	56	647	59	187	27	121	126	67	102	180	109	298	260	68	101	476	37	125	142	99	363	157	119	44	128	129	77	51	132	74	103
Zotu12	2	6	1	3	185	1	3	2	0	3	3	109	5	1	125	6	89	3	3	1	5	1	39	2	2	3	180	2	148	3	2	3	4	1	2	4	3	3	85	98	2	180	2	4	2	85	3	2	0	97	5	7	2	7	0	3	4	2	5	0	3	3	90	0	0	3	1	92	2	7671	1	4	4	1	1	1	7	2	4	1	1
Zotu16	21	216	2	40	7	143	16	81	44	286	34	6	11	32	22	22	137	18	14	36	19	36	13	20	4	29	16	20	23	23	325	41	26	8	22	19	2	8	3	37	24	28	4	26	16	13	280	45	4	28	23	27	14	63	8	70	8	10	44	9	33	148	28	4	4	30	26	12	23	14	21	17	39	7	9	16	22	25	23	10	31
Zotu17	17	0	1	2	1	4	10	0	2	6	18	0	15	1	0	1	5	0	0	0	15	3	0	2	1	2	11	3	0	1	2	2	2	5	1	0	2	3	1	2	2	0	11	0	2	45	1	3	118	1	1	1	1	7	1	2	0	1	4	5	3	14	7	1	2	2	0	2	4	0	7	3	1	0	0	1	3	0	7	1	1
