OTUId	CGAGGCTGGTAAGGAG	CTCTCTACTATCCTCT	TCCTGAGCAAGGAGTA	TCCTGAGCGTAAGGAG	CGAGGCTGTATCCTCT	AGGCAGAACTCTCTAT	CGAGGCTGCTAAGCCT	CGTACTAGAAGGAGTA	TAAGGCGAGTAAGGAG	AAGAGGCACTAAGCCT	TAAGGCGAAAGGAGTA	AGGCAGAATATCCTCT	TAGGCATGAAGGAGTA	AAGAGGCACTCTCTAT	GTAGAGGATATCCTCT	AGGCAGAAACTGCATA	GTAGAGGAAGAGTAGA	TAGGCATGACTGCATA	CGTACTAGTAGATCGC	AAGAGGCAACTGCATA	TCCTGAGCACTGCATA	TAGGCATGGTAAGGAG	TAAGGCGACTAAGCCT	AGGCAGAAGTAAGGAG	GGACTCCTGTAAGGAG	GCTACGCTAGAGTAGA	TAAGGCGATATCCTCT	TAGGCATGCTAAGCCT	AGGCAGAAAAGGAGTA	AAGAGGCATATCCTCT	CGAGGCTGTAGATCGC	GTAGAGGATAGATCGC	CGTACTAGCTAAGCCT	CTCTCTACACTGCATA	CGTACTAGGTAAGGAG	CGTACTAGACTGCATA	TAGGCATGTATCCTCT	GGACTCCTTAGATCGC	GGACTCCTAGAGTAGA	CGAGGCTGAGAGTAGA	TCCTGAGCTAGATCGC	CGTACTAGCTCTCTAT	AGGCAGAATAGATCGC	GGACTCCTAAGGAGTA	TCCTGAGCAGAGTAGA	TAGGCATGTAGATCGC	CGAGGCTGCTCTCTAT	CTCTCTACAAGGAGTA	TAAGGCGAAGAGTAGA	AAGAGGCATAGATCGC	TCCTGAGCTATCCTCT	TAAGGCGACTCTCTAT	CGTACTAGTATCCTCT	CGAGGCTGAAGGAGTA	GCTACGCTTATCCTCT	CGAGGCTGACTGCATA	GGACTCCTCTCTCTAT	CTCTCTACCTAAGCCT	AAGAGGCAGTAAGGAG	CTCTCTACTAGATCGC	GTAGAGGACTAAGCCT	AAGAGGCAAAGGAGTA	AAGAGGCAAGAGTAGA	GGACTCCTACTGCATA	CTCTCTACCTCTCTAT	TAAGGCGATAGATCGC	GCTACGCTGTAAGGAG	TAGGCATGAGAGTAGA	TAGGCATGCTCTCTAT	AGGCAGAAAGAGTAGA	GTAGAGGACTCTCTAT	TCCTGAGCCTCTCTAT	TAAGGCGAACTGCATA	GGACTCCTTATCCTCT	GCTACGCTACTGCATA	GCTACGCTCTAAGCCT	GTAGAGGAACTGCATA	GCTACGCTTAGATCGC	GTAGAGGAAAGGAGTA	GCTACGCTCTCTCTAT	GTAGAGGAGTAAGGAG
Zotu2	10688	367	1043	7244	1510	926	2218	1018	1101	9879	881	656	563	1455	587	872	9895	669	1086	5839	1019	6901	10365	1126	7842	145	619	649	833	5529	12919	903	9991	5840	1317	6647	455	1076	1118	1822	8980	9781	10469	5746	1002	627	11495	488	846	1375	7200	926	821	9036	140	9490	7268	618	8609	518	1004	6791	1316	4467	491	914	282	540	650	6654	944	1144	6254	5521	210	212	878	176	835	190	5442
Zotu3	1263	16050	10026	962	1481	12730	2114	1677	1052	1369	11105	9278	10650	10622	1208	990	1591	7785	12022	762	3012	3330	1715	1034	10002	600	1194	11286	9803	954	2246	12030	12569	7979	9685	1026	9059	14664	15865	12999	1686	1488	3963	8151	11420	15910	1877	12204	1619	1428	1107	14303	1192	11750	3640	10458	1941	13510	759	1988	20500	1338	9475	1208	9205	9238	362	17831	2227	1513	1539	9585	1011	7592	365	617	967	4777	1723	586	942
Zotu1	11998	371	8957	7708	8216	11806	2364	9328	7515	12066	10519	639	905	11321	636	6975	11919	6716	10435	1236	783	625	1727	870	273	703	6302	729	1261	904	15688	1100	972	505	866	808	1089	402	305	12163	983	1260	1036	479	841	812	13258	727	1592	1446	552	14194	598	2521	523	1977	492	547	1279	8262	1060	8248	9028	318	602	8608	718	708	1015	975	8540	1175	1416	195	5290	8546	861	730	1259	878	848
Zotu5	427	238	803	608	345	437	11538	8877	434	964	608	337	861	338	571	440	591	629	451	5577	6429	8697	12888	404	141	15	327	10126	623	282	605	873	940	275	358	302	7220	250	48	234	10985	322	11827	262	450	803	401	466	250	502	609	370	315	643	68	391	124	789	344	392	21275	500	256	143	7938	527	93	551	698	316	701	595	380	125	78	331	695	135	8247	72	647
Zotu11	73	26	353	335	70	111	156	31	151	7758	182	42	180	314	320	153	489	302	29	302	2266	192	311	24	25	97	165	288	26	195	119	299	101	111	29	162	164	35	178	229	315	124	30	26	8273	161	246	26	5930	218	244	299	46	52	10	217	127	57	225	19	466	251	391	133	98	166	13	332	6347	199	445	464	292	31	76	48	6877	7	339	54	277
Zotu4	1289	421	442	978	512	1261	11270	456	8422	770	633	9602	229	734	761	7780	636	120	309	372	316	860	850	12935	708	163	6552	415	1133	466	357	699	709	348	9802	384	234	40	53	321	283	669	875	160	281	71	760	434	453	371	437	800	461	562	189	388	294	12488	9836	333	1095	531	389	91	554	478	4527	52	313	858	9347	9201	522	231	169	362	683	187	8011	327	7631
Zotu7	206	176	224	27	7799	201	274	674	19	20	166	218	10014	188	216	233	21	373	444	245	212	185	30	26	18	181	210	227	170	191	225	25	531	151	423	591	335	17	19	196	24	12886	38	138	26	209	435	133	28	26	218	207	8088	442	234	462	149	9	14	25	38	154	33	207	113	27	180	183	409	26	212	215	241	164	5712	214	246	172	177	256	25
Zotu9	242	232	133	161	170	546	33	136	176	25	119	535	119	28	128	490	215	72	119	102	75	155	25	12483	281	5705	137	23	8831	119	156	141	25	213	183	87	121	245	291	285	108	25	827	230	166	146	33	310	223	130	129	21	107	159	3649	117	173	277	168	8492	26	118	194	4805	194	123	249	184	24	611	34	25	93	239	217	256	79	264	154	232	176
Zotu6	65	146	330	318	209	151	228	307	245	8224	246	176	36	465	3253	307	557	298	340	612	5392	48	467	44	333	4347	325	155	47	4925	134	3947	467	217	268	6455	172	337	4048	352	336	365	134	278	494	115	188	31	441	438	2932	383	342	57	189	349	6605	126	327	62	567	378	515	485	92	285	184	241	158	210	508	437	6083	311	285	1994	3755	207	403	222	363
Zotu10	224	11	14	179	13	17	34	12	297	18	192	8	14	12	14	10	104	8	161	15	10	144	191	185	146	277	144	18	11	6	214	170	12	7	162	13	7	141	85	166	144	17	162	13	108	165	20	11	7701	152	11	196	10	24	162	12	10	14	180	117	19	11	98	11	8	355	4537	107	16	131	18	16	132	5	186	228	11	4472	17	204	158
Zotu14	25	75	9	10	131	86	26	9	11	30	15	114	170	104	6717	10	206	170	9	21	8	183	30	12	6	9	125	207	12	111	18	200	12	9	9	12	224	5	5	27	6	115	10	6	21	172	160	8	35	9	85	107	99	19	39	18	65	6	2	5	271	11	17	6	55	11	7	183	7479	12	355	93	11	69	11	10	151	10	221	54	178
Zotu21	0	0	0	4	0	0	1	0	3	1	9	1	0	0	0	0	1	1	3	1	0	0	4	2	1	9	6	0	0	1	2	4	0	0	2	0	0	1	2	4	1	0	1	0	1	3	1	0	175	2	1	10	0	0	5	0	0	0	2	1	0	0	2	0	0	7	74	3	2	2	0	1	12	0	8	6	1	77	0	11	0
Zotu8	9	201	129	2	6	6	7	148	5	4	133	4	120	4	4	2	3	3	5	2	0	4	6	2	2	3	2	2	151	1	3	4	3	228	7	2	2	1	3	7	1	2	6	114	0	5	7	10531	4	5	2	14	1	185	2	2	4	281	5	238	5	129	3	6	259	2	2	3	7	2	1	5	3	2	1	4	1	3	156	2	3
Zotu15	4	86	1	1	131	3	2	161	1	5	2	104	10	4	103	7	5	1	174	1	3	1	6	2	2	1	91	2	2	84	6	4	202	0	156	123	95	3	4	3	1	172	1	1	1	6	4	1	4	3	94	6	7450	3	34	3	7	3	3	3	5	3	5	0	3	3	1	2	1	3	3	5	2	79	0	5	2	2	5	0	3
Zotu13	317	51	254	252	319	404	135	405	318	431	499	58	151	357	67	171	279	194	334	92	82	103	137	86	67	37	279	94	134	71	512	154	90	67	106	93	80	105	61	415	134	153	164	111	96	135	460	125	128	133	56	647	59	187	27	121	126	67	102	180	109	298	260	68	101	476	37	125	142	99	363	157	119	44	128	129	77	51	132	74	103
Zotu12	6	1	2	1	3	185	2	3	0	3	3	109	5	1	6	125	89	3	3	1	5	3	1	148	2	39	2	2	180	3	2	3	4	1	2	4	3	3	85	98	2	4	180	2	85	2	3	0	97	2	5	7	2	7	0	3	4	2	5	0	3	3	90	0	0	3	1	92	2	7671	1	4	4	1	1	1	7	2	4	1	1
Zotu16	6	4	2	2	14	10	23	3	5	22	3	7	1	7	81	16	6	8	5	18	6	2	17	1	0	9	13	11	3	21	10	11	11	5	0	18	4	1	2	22	5	3	2	0	6	4	8	0	16	7	14	13	7	2	5	37	5	3	3	1	10	4	18	0	2	11	3	3	6	3	10	7	26	2	15	86	17	10	3	8	4
Zotu17	14	1	2	5	11	0	0	5	10	3	5	2	4	2	2	2	4	0	1	4	1	2	0	12	1	6	3	0	7	1	16	7	0	4	14	1	2	0	1	18	2	3	6	0	6	3	1	3	11	4	5	2	1	7	1	7	0	2	10	52	2	4	8	4	1	10	8	3	0	5	0	0	5	0	5	2	4	8	9	0	11
Zotu18	216	2	21	143	40	7	81	16	44	286	34	6	11	32	22	22	137	18	14	36	19	29	36	23	4	13	20	20	16	23	325	41	26	8	22	19	8	2	3	37	24	26	28	4	13	16	280	4	28	45	23	27	14	63	8	70	8	10	44	9	33	148	28	4	4	30	26	12	23	14	21	17	39	7	9	16	22	25	23	10	31
Zotu20	59	1	7	44	15	8	18	13	9	75	5	4	6	14	3	2	64	5	9	13	5	6	8	3	8	0	6	2	5	9	104	9	7	1	7	10	1	13	9	24	14	25	9	16	12	4	84	3	9	17	4	11	7	27	0	14	11	0	5	5	7	42	19	19	1	11	0	6	8	7	10	18	4	8	0	2	3	1	4	0	7
Zotu19	0	1	17	4	2	1	0	10	2	6	18	0	15	1	1	0	5	0	0	0	15	2	3	0	1	0	3	2	11	1	2	2	2	5	1	0	3	2	1	2	2	0	0	11	45	2	1	118	1	3	1	1	1	7	1	2	0	1	4	5	3	14	7	1	2	2	0	2	4	0	7	3	1	0	0	1	3	0	7	1	1
