OTUId	TCCTGAGCAAGGAGTA	CGAGGCTGGTAAGGAG	TCCTGAGCGTAAGGAG	CTCTCTACTATCCTCT	AGGCAGAACTCTCTAT	TAAGGCGAGTAAGGAG	CGTACTAGAAGGAGTA	CGAGGCTGCTAAGCCT	AAGAGGCACTAAGCCT	GCTACGCTCTAAGCCT	CGAGGCTGTATCCTCT	TAAGGCGAAAGGAGTA	AGGCAGAATATCCTCT	TAGGCATGAAGGAGTA	AAGAGGCACTCTCTAT	AGGCAGAAACTGCATA	GTAGAGGATATCCTCT	GTAGAGGAAGAGTAGA	TAGGCATGACTGCATA	TCCTGAGCACTGCATA	CGTACTAGTAGATCGC	AAGAGGCAACTGCATA	TAGGCATGGTAAGGAG	TAAGGCGACTAAGCCT	AGGCAGAAGTAAGGAG	GCTACGCTAGAGTAGA	TAGGCATGCTAAGCCT	GGACTCCTGTAAGGAG	AGGCAGAAAAGGAGTA	TAAGGCGATATCCTCT	AAGAGGCATATCCTCT	CGAGGCTGTAGATCGC	GTAGAGGATAGATCGC	CGTACTAGCTAAGCCT	CGTACTAGGTAAGGAG	CTCTCTACACTGCATA	CGTACTAGACTGCATA	GGACTCCTTAGATCGC	TAGGCATGTATCCTCT	GGACTCCTAGAGTAGA	CGAGGCTGAGAGTAGA	CGTACTAGCTCTCTAT	AGGCAGAATAGATCGC	GGACTCCTAAGGAGTA	TCCTGAGCTAGATCGC	TAGGCATGTAGATCGC	TCCTGAGCAGAGTAGA	CGAGGCTGCTCTCTAT	AAGAGGCATAGATCGC	TAAGGCGAAGAGTAGA	CTCTCTACAAGGAGTA	TCCTGAGCTATCCTCT	TAAGGCGACTCTCTAT	CGAGGCTGAAGGAGTA	CGTACTAGTATCCTCT	GCTACGCTTATCCTCT	TAGGCATGCTCTCTAT	CGAGGCTGACTGCATA	GGACTCCTCTCTCTAT	CTCTCTACCTAAGCCT	AAGAGGCAGTAAGGAG	CTCTCTACTAGATCGC	GTAGAGGACTAAGCCT	AAGAGGCAAAGGAGTA	AAGAGGCAAGAGTAGA	GGACTCCTACTGCATA	TAAGGCGATAGATCGC	GCTACGCTGTAAGGAG	CTCTCTACCTCTCTAT	TAGGCATGAGAGTAGA	GTAGAGGACTCTCTAT	AGGCAGAAAGAGTAGA	TCCTGAGCCTCTCTAT	TAAGGCGAACTGCATA	GGACTCCTTATCCTCT	GCTACGCTACTGCATA	GTAGAGGAACTGCATA	GCTACGCTTAGATCGC	GTAGAGGAAAGGAGTA	GCTACGCTCTCTCTAT	GTAGAGGAGTAAGGAG
Zotu3	10026	1263	962	16050	12730	1052	1677	2114	1369	617	1481	11105	9278	10650	10622	990	1208	1591	7785	3012	12022	762	3330	1715	1034	600	11286	10002	9803	1194	954	2246	12030	12569	9685	7979	1026	14664	9059	15865	12999	1488	3963	8151	1686	15910	11420	1877	1428	1619	12204	1107	14303	11750	1192	3640	2227	10458	1941	13510	759	1988	20500	1338	9475	1208	9238	362	9205	17831	1539	1513	9585	1011	7592	365	967	4777	1723	586	942
Zotu2	1043	10688	7244	367	926	1101	1018	2218	9879	212	1510	881	656	563	1455	872	587	9895	669	1019	1086	5839	6901	10365	1126	145	649	7842	833	619	5529	12919	903	9991	1317	5840	6647	1076	455	1118	1822	9781	10469	5746	8980	627	1002	11495	1375	846	488	7200	926	9036	821	140	650	9490	7268	618	8609	518	1004	6791	1316	4467	914	282	491	540	944	6654	1144	6254	5521	210	878	176	835	190	5442
Zotu1	8957	11998	7708	371	11806	7515	9328	2364	12066	8546	8216	10519	639	905	11321	6975	636	11919	6716	783	10435	1236	625	1727	870	703	729	273	1261	6302	904	15688	1100	972	866	505	808	402	1089	305	12163	1260	1036	479	983	812	841	13258	1446	1592	727	552	14194	2521	598	523	1015	1977	492	547	1279	8262	1060	8248	9028	318	8608	718	602	708	8540	975	1175	1416	195	5290	861	730	1259	878	848
Zotu5	803	427	608	238	437	434	8877	11538	964	331	345	608	337	861	338	440	571	591	629	6429	451	5577	8697	12888	404	15	10126	141	623	327	282	605	873	940	358	275	302	250	7220	48	234	322	11827	262	10985	803	450	401	502	250	466	609	370	643	315	68	698	391	124	789	344	392	21275	500	256	143	527	93	7938	551	701	316	595	380	125	78	695	135	8247	72	647
Zotu12	353	73	335	26	111	151	31	156	7758	48	70	182	42	180	314	153	320	489	302	2266	29	302	192	311	24	97	288	25	26	165	195	119	299	101	29	111	162	35	164	178	229	124	30	26	315	161	8273	246	218	5930	26	244	299	52	46	10	6347	217	127	57	225	19	466	251	391	133	166	13	98	332	445	199	464	292	31	76	6877	7	339	54	277
Zotu10	10	1	10	4	8	8	9	17	442	88	10	8	8	4	30	10	130	41	15	102	16	26	0	21	4	85	6	8	5	8	96	1	73	18	9	7	112	18	7	88	7	14	1	9	12	7	20	7	19	37	1	57	12	1	11	9	1	8	137	3	17	1	23	30	24	20	16	1	2	5	29	8	23	128	7	9	139	10	16	13	17
Zotu4	442	1289	978	421	1261	8422	456	11270	770	362	512	633	9602	229	734	7780	761	636	120	316	309	372	860	850	12935	163	415	708	1133	6552	466	357	699	709	9802	348	384	40	234	53	321	669	875	160	283	71	281	760	371	453	434	437	800	562	461	189	313	388	294	12488	9836	333	1095	531	389	91	478	4527	554	52	9347	858	9201	522	231	169	683	187	8011	327	7631
Zotu7	224	206	27	176	201	19	674	274	20	214	7799	166	218	10014	188	233	216	21	373	212	444	245	185	30	26	181	227	18	170	210	191	225	25	531	423	151	591	17	335	19	196	12886	38	138	24	209	26	435	26	28	133	218	207	442	8088	234	409	462	149	9	14	25	38	154	33	207	27	180	113	183	212	26	215	241	164	5712	246	172	177	256	25
Zotu9	133	242	161	232	546	176	136	33	25	256	170	119	535	119	28	490	128	215	72	75	119	102	155	25	12483	5705	23	281	8831	137	119	156	141	25	183	213	87	245	121	291	285	25	827	230	108	146	166	33	130	223	310	129	21	159	107	3649	24	117	173	277	168	8492	26	118	194	4805	123	249	194	184	34	611	25	93	239	217	79	264	154	232	176
Zotu6	330	65	318	146	151	245	307	228	8224	1994	209	246	176	36	465	307	3253	557	298	5392	340	612	48	467	44	4347	155	333	47	325	4925	134	3947	467	268	217	6455	337	172	4048	352	365	134	278	336	115	494	188	438	441	31	2932	383	57	342	189	158	349	6605	126	327	62	567	378	515	485	285	184	92	241	508	210	437	6083	311	285	3755	207	403	222	363
Zotu31	143	54	18	21	240	59	42	103	54	39	73	448	28	45	237	15	30	50	160	22	283	26	20	102	19	28	38	9	56	84	40	135	74	40	14	16	32	16	43	19	380	50	55	17	40	50	44	105	67	96	25	15	571	124	20	23	38	48	12	21	18	29	64	66	223	2	406	11	17	52	47	43	53	50	15	16	30	35	54	22	10
Zotu11	14	224	179	11	17	297	12	34	18	228	13	192	8	14	12	10	14	104	8	10	161	15	144	191	185	277	18	146	11	144	6	214	170	12	162	7	13	141	7	85	166	17	162	13	144	165	108	20	152	7701	11	11	196	24	10	162	16	12	10	14	180	117	19	11	98	11	355	4537	8	107	18	131	16	132	5	186	11	4472	17	204	158
Zotu16	19	5	24	3	10	11	3	11	569	3	7	9	8	5	20	21	21	26	17	100	6	28	9	21	2	4	13	5	4	10	65	2	21	13	2	8	73	6	9	14	9	14	2	8	16	7	310	10	11	252	2	78	22	5	8	3	240	11	139	10	21	0	25	13	22	18	20	1	8	18	19	46	27	74	6	2	332	0	18	2	14
Zotu14	9	25	10	75	86	11	9	26	30	10	131	15	114	170	104	10	6717	206	170	8	9	21	183	30	12	9	207	6	12	125	111	18	200	12	9	9	12	5	224	5	27	115	10	6	6	172	21	160	9	35	8	85	107	19	99	39	7479	18	65	6	2	5	271	11	17	6	11	7	55	183	355	12	93	11	69	11	151	10	221	54	178
Zotu30	0	0	4	0	0	3	0	1	1	6	0	9	1	0	0	0	0	1	1	0	3	1	0	4	2	9	0	1	0	6	1	2	4	0	2	0	0	1	0	2	4	0	1	0	1	3	1	1	2	175	0	1	10	0	0	5	2	0	0	0	2	1	0	0	2	0	7	74	0	3	0	2	1	12	0	8	1	77	0	11	0
Zotu8	129	9	2	201	6	5	148	7	4	4	6	133	4	120	4	2	4	3	3	0	5	2	4	6	2	3	2	2	151	2	1	3	4	3	7	228	2	1	2	3	7	2	6	114	1	5	0	7	5	4	10531	2	14	185	1	2	7	2	4	281	5	238	5	129	3	6	2	2	259	3	1	2	5	3	2	1	1	3	156	2	3
Zotu26	31	72	64	20	63	495	25	632	36	18	25	44	542	18	35	485	52	36	10	17	15	17	57	57	845	8	13	47	61	354	27	21	38	36	629	19	20	2	18	6	6	35	56	18	20	1	15	42	15	31	29	31	44	27	24	15	15	17	21	676	564	12	49	16	13	4	27	251	33	3	537	53	510	14	5	9	30	7	466	15	465
Zotu18	1	4	1	86	3	1	161	2	5	5	131	2	104	10	4	7	103	5	1	3	174	1	1	6	2	1	2	2	2	91	84	6	4	202	156	0	123	3	95	4	3	172	1	1	1	6	1	4	3	4	1	94	6	3	7450	34	1	3	7	3	3	3	5	3	5	0	3	1	3	2	3	3	5	2	79	0	2	2	5	0	3
Zotu17	9	14	8	18	28	17	3	2	3	9	9	6	24	4	3	18	9	12	3	5	6	4	6	1	727	334	2	12	474	6	9	6	8	2	9	14	8	9	9	11	14	1	38	15	7	7	5	2	12	12	15	5	0	9	4	202	0	7	11	9	14	465	2	5	12	271	7	8	11	11	2	34	0	3	17	6	2	10	11	6	12
Zotu13	254	317	252	51	404	318	405	135	431	129	319	499	58	151	357	171	67	279	194	82	334	92	103	137	86	37	94	67	134	279	71	512	154	90	106	67	93	105	80	61	415	153	164	111	134	135	96	460	133	128	125	56	647	187	59	27	142	121	126	67	102	180	109	298	260	68	476	37	101	125	363	99	157	119	44	128	77	51	132	74	103
Zotu15	2	6	1	1	185	0	3	2	3	1	3	3	109	5	1	125	6	89	3	5	3	1	3	1	148	39	2	2	180	2	3	2	3	4	2	1	4	3	3	85	98	4	180	2	2	2	85	3	2	97	0	5	7	7	2	0	2	3	4	2	5	0	3	3	90	0	3	1	0	92	1	7671	4	4	1	1	7	2	4	1	1
Zotu20	2	6	2	4	10	5	3	23	22	86	14	3	7	1	7	16	81	6	8	6	5	18	2	17	1	9	11	0	3	13	21	10	11	11	0	5	18	1	4	2	22	3	2	0	5	4	6	8	7	16	0	14	13	2	7	5	6	37	5	3	3	1	10	4	18	0	11	3	2	3	10	3	7	26	2	15	17	10	3	8	4
Zotu22	8	90	24	10	15	349	4	45	30	10	27	33	22	6	27	78	10	11	1	8	3	12	30	41	45	2	20	5	10	269	20	3	3	19	27	3	3	1	7	0	7	20	5	1	1	1	0	40	7	18	6	6	45	12	7	11	11	16	2	17	54	2	32	15	2	2	15	32	5	2	189	6	16	32	4	2	12	3	22	12	51
Zotu23	2	14	5	1	0	10	5	0	3	2	11	5	2	4	2	2	2	4	0	1	1	4	2	0	12	6	0	1	7	3	1	16	7	0	14	4	1	0	2	1	18	3	6	0	2	3	6	1	4	11	3	5	2	7	1	1	0	7	0	2	10	52	2	4	8	4	10	8	1	3	0	5	0	5	0	5	4	8	9	0	11
Zotu33	7	2	7	5	4	2	6	4	176	41	6	8	1	1	13	10	68	15	7	111	6	12	2	6	2	99	4	8	0	7	86	0	84	8	8	4	143	6	12	107	9	11	2	12	12	2	6	6	8	4	1	55	5	2	5	4	0	9	138	0	6	1	13	5	12	9	5	5	3	5	7	3	12	106	4	10	59	4	7	2	8
Zotu32	0	17	10	0	0	18	0	0	0	9	0	6	0	0	0	0	0	4	1	0	13	1	13	3	8	10	0	3	0	5	0	15	12	0	12	0	0	5	0	2	9	0	9	0	10	13	8	0	11	361	1	0	6	1	0	4	2	0	1	1	9	5	3	0	4	0	14	233	0	6	0	8	0	7	0	9	1	261	1	12	13
Zotu29	9	13	7	4	4	8	11	0	2	3	6	8	8	11	2	7	3	8	7	2	7	4	6	1	100	71	2	16	135	6	4	8	11	1	9	3	8	7	3	11	13	0	19	7	5	11	7	3	5	22	4	7	2	5	6	34	1	9	2	1	2	10	2	6	6	69	4	24	0	9	4	15	0	5	3	9	6	16	9	6	10
Zotu28	6	5	2	9	7	0	6	6	2	2	263	16	11	12	11	7	11	3	9	7	1	12	0	1	0	6	1	0	4	12	11	8	3	2	3	5	10	1	9	0	8	18	1	1	1	1	0	24	0	2	5	9	19	20	11	11	5	21	2	0	0	0	1	4	0	5	3	3	3	0	6	0	6	18	5	119	13	4	11	13	1
Zotu24	21	216	143	2	7	44	16	81	286	16	40	34	6	11	32	22	22	137	18	19	14	36	29	36	23	13	20	4	16	20	23	325	41	26	22	8	19	2	8	3	37	26	28	4	24	16	13	280	45	28	4	23	27	63	14	8	23	70	8	10	44	9	33	148	28	4	30	26	4	12	21	14	17	39	7	9	22	25	23	10	31
Zotu25	16	16	5	1	6	12	267	69	29	22	6	22	5	15	11	6	3	2	6	10	11	10	9	54	2	0	13	0	12	6	3	23	13	29	13	1	13	0	4	0	3	6	16	4	13	10	0	7	21	3	7	0	9	25	6	5	2	14	1	12	9	4	43	12	3	0	14	3	6	3	6	2	5	8	0	4	12	7	23	1	0
Zotu27	7	59	44	1	8	9	13	18	75	2	15	5	4	6	14	2	3	64	5	5	9	13	6	8	3	0	2	8	5	6	9	104	9	7	7	1	10	13	1	9	24	25	9	16	14	4	12	84	17	9	3	4	11	27	7	0	8	14	11	0	5	5	7	42	19	19	11	0	1	6	10	7	18	4	8	0	3	1	4	0	7
Zotu19	17	0	4	1	1	2	10	0	6	1	2	18	0	15	1	0	1	5	0	15	0	0	2	3	0	0	2	1	11	3	1	2	2	2	1	5	0	2	3	1	2	0	0	11	2	2	45	1	3	1	118	1	1	7	1	1	4	2	0	1	4	5	3	14	7	1	2	0	2	2	7	0	3	1	0	0	3	0	7	1	1
Zotu21	1	8	3	0	0	3	0	0	1	0	2	0	0	1	0	0	0	9	0	0	4	0	3	1	3	3	1	0	0	2	1	13	6	0	1	0	0	0	0	1	13	0	5	0	1	5	4	3	9	13	0	1	1	0	0	0	0	2	0	1	5	3	1	1	1	0	4	8	0	2	0	3	0	2	0	2	1	4	2	0	2
