OTUId	CGAGGCTGAGAGTAGA	TCCTGAGCTATCCTCT	TAAGGCGAAAGGAGTA	CGAGGCTGAAGGAGTA	CTCTCTACACTGCATA	TAGGCATGAAGGAGTA	CGTACTAGAGAGTAGA	AAGAGGCACTAAGCCT	CAGAGAGGAGAGTAGA	CAGAGAGGTATCCTCT	CTCTCTACTAGATCGC	AAGAGGCAACTGCATA	AGGCAGAATATCCTCT	GCTACGCTAGAGTAGA	TAGGCATGTAGATCGC	GCTACGCTTATCCTCT	TAAGGCGATATCCTCT	GGACTCCTCTCTCTAT	CTCTCTACCTCTCTAT	CGTACTAGTATCCTCT	TCCTGAGCTAGATCGC	AAGAGGCATAGATCGC	CGAGGCTGTATCCTCT	TCCTGAGCACTGCATA	CGAGGCTGTAGATCGC	TAGGCATGAGAGTAGA	CAGAGAGGCTCTCTAT	AGGCAGAAAAGGAGTA	TAGGCATGCTAAGCCT	CGAGGCTGCTAAGCCT	AGGCAGAAGTAAGGAG	TAAGGCGAGTAAGGAG	CGTACTAGCTAAGCCT	CTCTCTACAGAGTAGA	CGTACTAGCTCTCTAT	CAGAGAGGAAGGAGTA	AGGCAGAACTCTCTAT	AGGCAGAAAGAGTAGA	TCCTGAGCAAGGAGTA	AGGCAGAAACTGCATA	CTCTCTACAAGGAGTA	TAAGGCGAAGAGTAGA	TAGGCATGTATCCTCT	CGTACTAGAAGGAGTA	AAGAGGCAGTAAGGAG	CAGAGAGGACTGCATA	GGACTCCTTATCCTCT	GGACTCCTAGAGTAGA	GGACTCCTCTAAGCCT	GCTACGCTTAGATCGC	GGACTCCTAAGGAGTA	TAAGGCGAACTGCATA	CGAGGCTGACTGCATA	GGACTCCTTAGATCGC	CAGAGAGGGTAAGGAG	TCCTGAGCGTAAGGAG	AAGAGGCATATCCTCT	TAGGCATGACTGCATA	TAGGCATGGTAAGGAG	AAGAGGCAAGAGTAGA	TCCTGAGCAGAGTAGA	GCTACGCTCTCTCTAT	GCTACGCTACTGCATA	GCTACGCTGTAAGGAG	CGAGGCTGCTCTCTAT	CGAGGCTGGTAAGGAG	AAGAGGCACTCTCTAT	CGTACTAGACTGCATA	GGACTCCTGTAAGGAG	CTCTCTACGTAAGGAG	TAAGGCGACTCTCTAT	CGTACTAGGTAAGGAG	AGGCAGAACTAAGCCT	TAGGCATGCTCTCTAT
Zotu3	7688	328	130	408	5316	5543	344	203	8000	192	553	179	4533	2613	21234	63	45	78	5716	159	431	594	181	175	393	1061	129	414	381	124	237	134	5260	7941	117	367	144	6396	10683	100	729	178	627	278	12798	103	101	232	78	151	171	37	102	232	273	5021	358	330	4652	672	657	49	30	106	139	286	253	91	2165	363	35	228	122	455
Zotu16	3	3291	4	7	4346	2	1	1	0	25	84	17	26	0	2	8	26	1	85	26	57	2	29	47	0	4	0	3	2	2	2	1	0	156	3	0	0	1	90	20	150	1	36	5	5	12	21	0	0	1	0	10	24	1	0	33	26	21	2	1	75	0	5	0	1	1	1	17	0	50	1	0	1	0
Zotu9	267	50	6947	8375	47	222	5564	4	96	56	109	2	126	37	35	17	176	9525	169	140	6	11	170	5	132	164	113	242	20	64	46	56	49	228	176	144	5724	214	92	42	5923	237	2293	268	5	3	3299	6737	128	5	585	51	67	291	12	7	43	22	24	73	71	51	4	3	230	57	77	40	134	36	171	47	52	153
Zotu11	4046	51	36	5912	39	67	2965	18	76	7	2949	6	43	765	18	74	2	211	45	217	57	27	181	21	179	115	4	86	27	115	1333	5	2454	169	70	47	22	112	118	22	129	79	8	381	14	4	12	501	49	21	59	4	77	28	12	32	12	1	8	69	2554	13	8	15	96	110	5	61	14	56	3	61	43	8
Zotu4	121	4570	41	88	33	5095	6571	71	492	7866	95	80	99	119	304	115	84	102	6	214	268	5307	125	113	97	6110	207	43	88	4	39	31	63	113	79	507	8	63	346	32	75	66	321	251	110	6687	4438	278	81	3105	242	24	45	229	211	4272	196	127	173	224	322	49	38	66	5	48	79	86	2071	66	6	111	6	140
Zotu12	133	187	222	140	4	51	5563	59	318	321	14	3	6495	87	7	3209	3562	52	48	201	61	10	210	26	61	50	11639	192	34	4166	93	3786	83	57	128	290	149	196	3651	55	50	232	143	176	26	97	100	31	19	58	32	66	34	7	131	80	116	3	30	34	121	59	33	37	119	64	70	51	17	28	155	98	103	74
Zotu2	298	99	206	280	142	3543	47	4595	2695	135	122	2698	7	70	105	61	79	94	60	14	4042	202	137	124	204	152	74	58	169	3897	22	71	92	5040	6	247	5	48	192	68	219	193	64	57	679	138	150	235	5732	66	2484	3772	3360	180	2501	77	651	149	56	273	162	40	1781	30	77	106	114	108	70	49	57	26	80	42
Zotu17	152	41	16	150	55	259	90	3	27	43	162	12	34	14	2775	28	28	108	50	3833	88	73	155	20	191	268	7	6	86	28	17	16	44	3895	43	6	4	13	5	11	147	19	1895	102	25	20	228	268	98	33	261	14	2896	7217	24	26	52	99	2077	29	20	1	8	10	68	79	4	46	105	70	4	49	3	112
Zotu7	112	47	7415	231	40	235	10	6219	193	164	8	71	3800	176	60	150	151	3	5	61	11	101	130	42	82	87	102	167	103	4711	56	82	63	10	11	335	63	96	108	69	114	171	3390	115	58	104	46	11	50	115	95	86	85	9	5450	24	152	102	84	137	10	91	2486	71	41	66	71	57	20	28	73	39	76	57
Zotu20	145	30	27	239	0	59	158	0	2	51	2	0	37	1	4	20	30	2	1	179	1	3	7284	0	111	5	0	46	0	54	0	4	68	0	81	54	0	2	57	2	47	1	52	9687	0	1	35	6	1	1	40	10	50	0	2	0	37	3	1	3	1	2	1	0	66	50	1	72	0	1	3	78	1	1
Zotu1	122	3066	29	128	77	541	270	75	267	233	309	4049	49	15	14105	30	45	78	174	210	5181	226	122	92	288	4075	12116	43	208	3828	4	1	119	174	10000	315	104	47	256	36	6081	40	2643	239	44	114	45	40	21	69	30	23	46	133	105	96	149	202	198	165	239	45	10	0	181	44	173	98	2	65	94	88	14	424
Zotu6	125	3835	200	96	30	106	258	107	107	114	35	118	117	3969	69	116	195	54	3	7670	111	4731	143	63	34	133	10	69	10	9	47	61	86	101	104	66	1	84	153	37	80	237	171	229	136	31	146	195	53	81	4770	4489	44	91	11	43	6003	71	24	353	192	57	52	50	6	8	111	99	56	6	72	82	8	9
Zotu5	6081	5	307	8631	86	256	73	54	178	68	4907	68	74	73	42	39	100	3	108	11	33	139	199	0	252	84	50	4040	6	121	50	3466	7	5829	5	4372	39	124	186	40	507	174	10	196	99	18	3	53	4	52	162	34	113	17	62	34	137	5	35	215	47	30	9	27	157	149	90	4	28	125	58	25	39	6
Zotu8	4637	110	3111	205	59	68	64	34	44	16	124	30	13	66	46	20	1774	27	5878	15	131	95	135	51	112	80	30	49	5	40	5	47	1	214	66	47	18	55	3250	0	202	164	17	37	2269	5	23	57	2	1322	36	50	48	25	17	81	70	2	22	147	3907	30	13	15	84	65	73	0	7	80	72	11	4	40
Zotu18	1	1	14	20	0	22	0	0	75	63	0	0	0	0	0	1	0	0	1	0	0	0	3	0	0	1	44	19	1	1	0	1	0	0	2	3755	0	0	15	0	24	0	1	19	1	21	0	2	0	0	18	0	0	1	30	0	1	1	0	0	2	0	0	1	0	0	0	0	0	0	1	0	1	1
Zotu14	36	1	1	1	0	7	37	26	18	3	2	1	153	9	0	2	0	79	27	3	1	2	1	0	4	43	24	212	40	39	85	0	40	23	27	1	5318	5056	1	76	6	23	0	4	0	0	68	106	4124	1	74	0	1	52	0	2	2	3	2	23	25	12	1	0	43	1	19	0	31	0	33	1	117	37
Zotu15	1	7	3	4	0	3	6	1	3	2	2	0	197	0	2	1	0	1	0	3	2	10	2	1	0	3	1	297	1	1	7837	34	1	3	1	5	128	250	1	84	5	3	4	2	29	0	2	2	2	1	2	4	1	2	49	32	10	0	47	0	0	0	1	16	2	44	0	6	34	44	0	45	112	0
Zotu21	1	18	0	0	0	1	78	1	1	16	1	0	17	1	6	12	15	0	0	3703	0	0	31	1	0	2	1	0	0	0	0	1	21	1	32	3	0	0	1	0	1	1	22	96	0	0	11	1	0	0	0	1	0	0	0	0	14	0	0	0	1	0	0	0	0	0	0	27	1	0	2	36	0	0
Zotu13	34	0	109	27	1	20	30	1	25	0	1	0	67	12	1	0	47	1	0	1	1	1	0	2	4	37	2	3806	2	1	36	31	0	25	0	23	49	89	36	29	24	2997	1	21	0	0	2	36	1	0	28	35	0	0	7	0	1	1	0	24	29	0	0	1	1	2	1	2	0	2	48	2	24	1
Zotu10	80	2	87	4	1	2	74	0	79	2	2	4	1	2126	4	31	65	1	1	0	1	1	0	1	1	90	4	3	1	1	1	33	3	53	1	3	1	58	2	0	2	2979	1	7	0	1	0	61	1	25	3	16	2	1	1	0	1	1	1	67	60	21	21	20	4	0	1	0	2	1	34	1	0	1
Zotu19	4	2	20	34	13	2270	1	2	57	36	8	9	0	3	37	2	3	3	3	5	3	3	2	4	5	47	31	13	11	2	1	1	1	26	1	83	0	1	20	2	27	4	43	22	9	1377	3	7	4	0	24	10	42	9	18	0	4	22	40	7	4	1	4	0	2	0	8	10	3	0	3	1	1	26
