OTUId	CGAGGCTGAGAGTAGA	TAAGGCGAAAGGAGTA	TCCTGAGCTATCCTCT	CGAGGCTGAAGGAGTA	CTCTCTACACTGCATA	TAGGCATGAAGGAGTA	CGTACTAGAGAGTAGA	AAGAGGCACTAAGCCT	CAGAGAGGAGAGTAGA	CAGAGAGGTATCCTCT	CTCTCTACTAGATCGC	AGGCAGAATATCCTCT	TAGGCATGTAGATCGC	GCTACGCTAGAGTAGA	GCTACGCTTATCCTCT	GGACTCCTCTCTCTAT	TAAGGCGATATCCTCT	AAGAGGCAACTGCATA	CTCTCTACCTCTCTAT	CGTACTAGTATCCTCT	TCCTGAGCTAGATCGC	CGAGGCTGTATCCTCT	AAGAGGCATAGATCGC	TAGGCATGAGAGTAGA	TCCTGAGCACTGCATA	CGAGGCTGTAGATCGC	CAGAGAGGCTCTCTAT	AGGCAGAAAAGGAGTA	TAGGCATGCTAAGCCT	CGAGGCTGCTAAGCCT	AGGCAGAAGTAAGGAG	TAAGGCGAGTAAGGAG	CGTACTAGCTCTCTAT	CGTACTAGCTAAGCCT	CTCTCTACAGAGTAGA	CAGAGAGGAAGGAGTA	AGGCAGAAAGAGTAGA	AGGCAGAACTCTCTAT	TCCTGAGCAAGGAGTA	CTCTCTACAAGGAGTA	AGGCAGAAACTGCATA	TAAGGCGAAGAGTAGA	TAGGCATGTATCCTCT	CGTACTAGAAGGAGTA	AAGAGGCAGTAAGGAG	CAGAGAGGACTGCATA	GGACTCCTTATCCTCT	GGACTCCTAGAGTAGA	GGACTCCTCTAAGCCT	GCTACGCTTAGATCGC	GGACTCCTAAGGAGTA	TAAGGCGAACTGCATA	CGAGGCTGACTGCATA	GGACTCCTTAGATCGC	CAGAGAGGGTAAGGAG	TCCTGAGCGTAAGGAG	AAGAGGCATATCCTCT	TAGGCATGACTGCATA	TAGGCATGGTAAGGAG	AAGAGGCAAGAGTAGA	TCCTGAGCAGAGTAGA	GCTACGCTCTCTCTAT	GCTACGCTACTGCATA	GCTACGCTGTAAGGAG	CGAGGCTGCTCTCTAT	CGAGGCTGGTAAGGAG	AAGAGGCACTCTCTAT	CGTACTAGACTGCATA	GGACTCCTGTAAGGAG	CTCTCTACGTAAGGAG	TAAGGCGACTCTCTAT	CGTACTAGGTAAGGAG	AGGCAGAACTAAGCCT	TAGGCATGCTCTCTAT
Zotu3	7688	130	328	408	5316	5543	344	203	8000	192	553	4533	21234	2613	63	78	45	179	5716	159	431	181	594	1061	175	393	129	414	381	124	237	134	117	5260	7941	367	6396	144	10683	729	100	178	627	278	12798	103	101	232	78	151	171	37	102	232	273	5021	358	330	4652	672	657	49	30	106	139	286	253	91	2165	363	35	228	122	455
Zotu12	267	6947	50	8375	47	222	5564	4	96	56	109	126	35	37	17	9525	176	2	169	140	6	170	11	164	5	132	113	242	20	64	46	56	176	49	228	144	214	5724	92	5923	42	237	2293	268	5	3	3299	6737	128	5	585	51	67	291	12	7	43	22	24	73	71	51	4	3	230	57	77	40	134	36	171	47	52	153
Zotu18	3	4	3291	7	4346	2	1	1	0	25	84	26	2	0	8	1	26	17	85	26	57	29	2	4	47	0	0	3	2	2	2	1	3	0	156	0	1	0	90	150	20	1	36	5	5	12	21	0	0	1	0	10	24	1	0	33	26	21	2	1	75	0	5	0	1	1	1	17	0	50	1	0	1	0
Zotu14	4046	36	51	5912	39	67	2965	18	76	7	2949	43	18	765	74	211	2	6	45	217	57	181	27	115	21	179	4	86	27	115	1333	5	70	2454	169	47	112	22	118	129	22	79	8	381	14	4	12	501	49	21	59	4	77	28	12	32	12	1	8	69	2554	13	8	15	96	110	5	61	14	56	3	61	43	8
Zotu6	121	41	4570	88	33	5095	6571	71	492	7866	95	99	304	119	115	102	84	80	6	214	268	125	5307	6110	113	97	207	43	88	4	39	31	79	63	113	507	63	8	346	75	32	66	321	251	110	6687	4438	278	81	3105	242	24	45	229	211	4272	196	127	173	224	322	49	38	66	5	48	79	86	2071	66	6	111	6	140
Zotu11	133	222	187	140	4	51	5563	59	318	321	14	6495	7	87	3209	52	3562	3	48	201	61	210	10	50	26	61	11639	192	34	4166	93	3786	128	83	57	290	196	149	3651	50	55	232	143	176	26	97	100	31	19	58	32	66	34	7	131	80	116	3	30	34	121	59	33	37	119	64	70	51	17	28	155	98	103	74
Zotu2	298	206	99	280	142	3543	47	4595	2695	135	122	7	105	70	61	94	79	2698	60	14	4042	137	202	152	124	204	74	58	169	3897	22	71	6	92	5040	247	48	5	192	219	68	193	64	57	679	138	150	235	5732	66	2484	3772	3360	180	2501	77	651	149	56	273	162	40	1781	30	77	106	114	108	70	49	57	26	80	42
Zotu15	152	16	41	150	55	259	90	3	27	43	162	34	2775	14	28	108	28	12	50	3833	88	155	73	268	20	191	7	6	86	28	17	16	43	44	3895	6	13	4	5	147	11	19	1895	102	25	20	228	268	98	33	261	14	2896	7217	24	26	52	99	2077	29	20	1	8	10	68	79	4	46	105	70	4	49	3	112
Zotu5	112	7415	47	231	40	235	10	6219	193	164	8	3800	60	176	150	3	151	71	5	61	11	130	101	87	42	82	102	167	103	4711	56	82	11	63	10	335	96	63	108	114	69	171	3390	115	58	104	46	11	50	115	95	86	85	9	5450	24	152	102	84	137	10	91	2486	71	41	66	71	57	20	28	73	39	76	57
Zotu17	145	27	30	239	0	59	158	0	2	51	2	37	4	1	20	2	30	0	1	179	1	7284	3	5	0	111	0	46	0	54	0	4	81	68	0	54	2	0	57	47	2	1	52	9687	0	1	35	6	1	1	40	10	50	0	2	0	37	3	1	3	1	2	1	0	66	50	1	72	0	1	3	78	1	1
Zotu1	122	29	3066	128	77	541	270	75	267	233	309	49	14105	15	30	78	45	4049	174	210	5181	122	226	4075	92	288	12116	43	208	3828	4	1	10000	119	174	315	47	104	256	6081	36	40	2643	239	44	114	45	40	21	69	30	23	46	133	105	96	149	202	198	165	239	45	10	0	181	44	173	98	2	65	94	88	14	424
Zotu4	125	200	3835	96	30	106	258	107	107	114	35	117	69	3969	116	54	195	118	3	7670	111	143	4731	133	63	34	10	69	10	9	47	61	104	86	101	66	84	1	153	80	37	237	171	229	136	31	146	195	53	81	4770	4489	44	91	11	43	6003	71	24	353	192	57	52	50	6	8	111	99	56	6	72	82	8	9
Zotu7	6081	307	5	8631	86	256	73	54	178	68	4907	74	42	73	39	3	100	68	108	11	33	199	139	84	0	252	50	4040	6	121	50	3466	5	7	5829	4372	124	39	186	507	40	174	10	196	99	18	3	53	4	52	162	34	113	17	62	34	137	5	35	215	47	30	9	27	157	149	90	4	28	125	58	25	39	6
Zotu16	4637	3111	110	205	59	68	64	34	44	16	124	13	46	66	20	27	1774	30	5878	15	131	135	95	80	51	112	30	49	5	40	5	47	66	1	214	47	55	18	3250	202	0	164	17	37	2269	5	23	57	2	1322	36	50	48	25	17	81	70	2	22	147	3907	30	13	15	84	65	73	0	7	80	72	11	4	40
Zotu13	1	14	1	20	0	22	0	0	75	63	0	0	0	0	1	0	0	0	1	0	0	3	0	1	0	0	44	19	1	1	0	1	2	0	0	3755	0	0	15	24	0	0	1	19	1	21	0	2	0	0	18	0	0	1	30	0	1	1	0	0	2	0	0	1	0	0	0	0	0	0	1	0	1	1
Zotu10	36	1	1	1	0	7	37	26	18	3	2	153	0	9	2	79	0	1	27	3	1	1	2	43	0	4	24	212	40	39	85	0	27	40	23	1	5056	5318	1	6	76	23	0	4	0	0	68	106	4124	1	74	0	1	52	0	2	2	3	2	23	25	12	1	0	43	1	19	0	31	0	33	1	117	37
Zotu9	1	3	7	4	0	3	6	1	3	2	2	197	2	0	1	1	0	0	0	3	2	2	10	3	1	0	1	297	1	1	7837	34	1	1	3	5	250	128	1	5	84	3	4	2	29	0	2	2	2	1	2	4	1	2	49	32	10	0	47	0	0	0	1	16	2	44	0	6	34	44	0	45	112	0
Zotu8	34	109	0	27	1	20	30	1	25	0	1	67	1	12	0	1	47	0	0	1	1	0	1	37	2	4	2	3806	2	1	36	31	0	0	25	23	89	49	36	24	29	2997	1	21	0	0	2	36	1	0	28	35	0	0	7	0	1	1	0	24	29	0	0	1	1	2	1	2	0	2	48	2	24	1
Zotu19	80	87	2	4	1	2	74	0	79	2	2	1	4	2126	31	1	65	4	1	0	1	0	1	90	1	1	4	3	1	1	1	33	1	3	53	3	58	1	2	2	0	2979	1	7	0	1	0	61	1	25	3	16	2	1	1	0	1	1	1	67	60	21	21	20	4	0	1	0	2	1	34	1	0	1
