OTUId	CGAGGCTGAGAGTAGA	TCCTGAGCTATCCTCT	TAAGGCGAAAGGAGTA	CGAGGCTGAAGGAGTA	CTCTCTACACTGCATA	TAGGCATGAAGGAGTA	CGTACTAGAGAGTAGA	AAGAGGCACTAAGCCT	CAGAGAGGAGAGTAGA	CAGAGAGGTATCCTCT	CTCTCTACTAGATCGC	AAGAGGCAACTGCATA	AGGCAGAATATCCTCT	TAGGCATGTAGATCGC	GCTACGCTAGAGTAGA	GCTACGCTTATCCTCT	GGACTCCTCTCTCTAT	TAAGGCGATATCCTCT	CTCTCTACCTCTCTAT	TCCTGAGCTAGATCGC	AAGAGGCATAGATCGC	CGTACTAGTATCCTCT	TAGGCATGAGAGTAGA	CGAGGCTGTATCCTCT	TCCTGAGCACTGCATA	CGAGGCTGTAGATCGC	CAGAGAGGCTCTCTAT	TAGGCATGCTAAGCCT	AGGCAGAAAAGGAGTA	AGGCAGAAGTAAGGAG	CGAGGCTGCTAAGCCT	TAAGGCGAGTAAGGAG	CGTACTAGCTCTCTAT	CTCTCTACAGAGTAGA	CGTACTAGCTAAGCCT	CAGAGAGGAAGGAGTA	AGGCAGAACTCTCTAT	AGGCAGAAAGAGTAGA	AGGCAGAAACTGCATA	CTCTCTACAAGGAGTA	TCCTGAGCAAGGAGTA	TAAGGCGAAGAGTAGA	TAGGCATGTATCCTCT	CGTACTAGAAGGAGTA	AAGAGGCAGTAAGGAG	CAGAGAGGACTGCATA	GGACTCCTTATCCTCT	GGACTCCTAGAGTAGA	GGACTCCTCTAAGCCT	GCTACGCTTAGATCGC	GGACTCCTAAGGAGTA	TAAGGCGAACTGCATA	CGAGGCTGACTGCATA	GGACTCCTTAGATCGC	CAGAGAGGGTAAGGAG	TCCTGAGCGTAAGGAG	AAGAGGCATATCCTCT	TAGGCATGACTGCATA	TAGGCATGGTAAGGAG	AAGAGGCAAGAGTAGA	TCCTGAGCAGAGTAGA	GCTACGCTCTCTCTAT	GCTACGCTACTGCATA	GCTACGCTGTAAGGAG	CGAGGCTGCTCTCTAT	CGAGGCTGGTAAGGAG	AAGAGGCACTCTCTAT	CGTACTAGACTGCATA	GGACTCCTGTAAGGAG	CTCTCTACGTAAGGAG	TAAGGCGACTCTCTAT	CGTACTAGGTAAGGAG	AGGCAGAACTAAGCCT	TAGGCATGCTCTCTAT
Zotu3	7688	328	130	408	5316	5543	344	203	8000	192	553	179	4533	21234	2613	63	78	45	5716	431	594	159	1061	181	175	393	129	381	414	237	124	134	117	7941	5260	367	144	6396	100	729	10683	178	627	278	12798	103	101	232	78	151	171	37	102	232	273	5021	358	330	4652	672	657	49	30	106	139	286	253	91	2165	363	35	228	122	455
Zotu17	3	3291	4	7	4346	2	1	1	0	25	84	17	26	2	0	8	1	26	85	57	2	26	4	29	47	0	0	2	3	2	2	1	3	156	0	0	0	1	20	150	90	1	36	5	5	12	21	0	0	1	0	10	24	1	0	33	26	21	2	1	75	0	5	0	1	1	1	17	0	50	1	0	1	0
Zotu9	267	50	6947	8375	47	222	5564	4	96	56	109	2	126	35	37	17	9525	176	169	6	11	140	164	170	5	132	113	20	242	46	64	56	176	228	49	144	5724	214	42	5923	92	237	2293	268	5	3	3299	6737	128	5	585	51	67	291	12	7	43	22	24	73	71	51	4	3	230	57	77	40	134	36	171	47	52	153
Zotu11	4046	51	36	5912	39	67	2965	18	76	7	2949	6	43	18	765	74	211	2	45	57	27	217	115	181	21	179	4	27	86	1333	115	5	70	169	2454	47	22	112	22	129	118	79	8	381	14	4	12	501	49	21	59	4	77	28	12	32	12	1	8	69	2554	13	8	15	96	110	5	61	14	56	3	61	43	8
Zotu5	121	4570	41	88	33	5095	6571	71	492	7866	95	80	99	304	119	115	102	84	6	268	5307	214	6110	125	113	97	207	88	43	39	4	31	79	113	63	507	8	63	32	75	346	66	321	251	110	6687	4438	278	81	3105	242	24	45	229	211	4272	196	127	173	224	322	49	38	66	5	48	79	86	2071	66	6	111	6	140
Zotu12	133	187	222	140	4	51	5563	59	318	321	14	3	6495	7	87	3209	52	3562	48	61	10	201	50	210	26	61	11639	34	192	93	4166	3786	128	57	83	290	149	196	55	50	3651	232	143	176	26	97	100	31	19	58	32	66	34	7	131	80	116	3	30	34	121	59	33	37	119	64	70	51	17	28	155	98	103	74
Zotu2	298	99	206	280	142	3543	47	4595	2695	135	122	2698	7	105	70	61	94	79	60	4042	202	14	152	137	124	204	74	169	58	22	3897	71	6	5040	92	247	5	48	68	219	192	193	64	57	679	138	150	235	5732	66	2484	3772	3360	180	2501	77	651	149	56	273	162	40	1781	30	77	106	114	108	70	49	57	26	80	42
Zotu13	152	41	16	150	55	259	90	3	27	43	162	12	34	2775	14	28	108	28	50	88	73	3833	268	155	20	191	7	86	6	17	28	16	43	3895	44	6	4	13	11	147	5	19	1895	102	25	20	228	268	98	33	261	14	2896	7217	24	26	52	99	2077	29	20	1	8	10	68	79	4	46	105	70	4	49	3	112
Zotu7	112	47	7415	231	40	235	10	6219	193	164	8	71	3800	60	176	150	3	151	5	11	101	61	87	130	42	82	102	103	167	56	4711	82	11	10	63	335	63	96	69	114	108	171	3390	115	58	104	46	11	50	115	95	86	85	9	5450	24	152	102	84	137	10	91	2486	71	41	66	71	57	20	28	73	39	76	57
Zotu16	145	30	27	239	0	59	158	0	2	51	2	0	37	4	1	20	2	30	1	1	3	179	5	7284	0	111	0	0	46	0	54	4	81	0	68	54	0	2	2	47	57	1	52	9687	0	1	35	6	1	1	40	10	50	0	2	0	37	3	1	3	1	2	1	0	66	50	1	72	0	1	3	78	1	1
Zotu1	122	3066	29	128	77	541	270	75	267	233	309	4049	49	14105	15	30	78	45	174	5181	226	210	4075	122	92	288	12116	208	43	4	3828	1	10000	174	119	315	104	47	36	6081	256	40	2643	239	44	114	45	40	21	69	30	23	46	133	105	96	149	202	198	165	239	45	10	0	181	44	173	98	2	65	94	88	14	424
Zotu6	6081	5	307	8631	86	256	73	54	178	68	4907	68	74	42	73	39	3	100	108	33	139	11	84	199	0	252	50	6	4040	50	121	3466	5	5829	7	4372	39	124	40	507	186	174	10	196	99	18	3	53	4	52	162	34	113	17	62	34	137	5	35	215	47	30	9	27	157	149	90	4	28	125	58	25	39	6
Zotu4	125	3835	200	96	30	106	258	107	107	114	35	118	117	69	3969	116	54	195	3	111	4731	7670	133	143	63	34	10	10	69	47	9	61	104	101	86	66	1	84	37	80	153	237	171	229	136	31	146	195	53	81	4770	4489	44	91	11	43	6003	71	24	353	192	57	52	50	6	8	111	99	56	6	72	82	8	9
Zotu8	4637	110	3111	205	59	68	64	34	44	16	124	30	13	46	66	20	27	1774	5878	131	95	15	80	135	51	112	30	5	49	5	40	47	66	214	1	47	18	55	0	202	3250	164	17	37	2269	5	23	57	2	1322	36	50	48	25	17	81	70	2	22	147	3907	30	13	15	84	65	73	0	7	80	72	11	4	40
Zotu19	1	1	14	20	0	22	0	0	75	63	0	0	0	0	0	1	0	0	1	0	0	0	1	3	0	0	44	1	19	0	1	1	2	0	0	3755	0	0	0	24	15	0	1	19	1	21	0	2	0	0	18	0	0	1	30	0	1	1	0	0	2	0	0	1	0	0	0	0	0	0	1	0	1	1
Zotu15	36	1	1	1	0	7	37	26	18	3	2	1	153	0	9	2	79	0	27	1	2	3	43	1	0	4	24	40	212	85	39	0	27	23	40	1	5318	5056	76	6	1	23	0	4	0	0	68	106	4124	1	74	0	1	52	0	2	2	3	2	23	25	12	1	0	43	1	19	0	31	0	33	1	117	37
Zotu18	1	7	3	4	0	3	6	1	3	2	2	0	197	2	0	1	1	0	0	2	10	3	3	2	1	0	1	1	297	7837	1	34	1	3	1	5	128	250	84	5	1	3	4	2	29	0	2	2	2	1	2	4	1	2	49	32	10	0	47	0	0	0	1	16	2	44	0	6	34	44	0	45	112	0
Zotu22	1	18	0	0	0	1	78	1	1	16	1	0	17	6	1	12	0	15	0	0	0	3703	2	31	1	0	1	0	0	0	0	1	32	1	21	3	0	0	0	1	1	1	22	96	0	0	11	1	0	0	0	1	0	0	0	0	14	0	0	0	1	0	0	0	0	0	0	27	1	0	2	36	0	0
Zotu14	34	0	109	27	1	20	30	1	25	0	1	0	67	1	12	0	1	47	0	1	1	1	37	0	2	4	2	2	3806	36	1	31	0	25	0	23	49	89	29	24	36	2997	1	21	0	0	2	36	1	0	28	35	0	0	7	0	1	1	0	24	29	0	0	1	1	2	1	2	0	2	48	2	24	1
Zotu10	80	2	87	4	1	2	74	0	79	2	2	4	1	4	2126	31	1	65	1	1	1	0	90	0	1	1	4	1	3	1	1	33	1	53	3	3	1	58	0	2	2	2979	1	7	0	1	0	61	1	25	3	16	2	1	1	0	1	1	1	67	60	21	21	20	4	0	1	0	2	1	34	1	0	1
Zotu23	4	2	20	34	13	2270	1	2	57	36	8	9	0	37	3	2	3	3	3	3	3	5	47	2	4	5	31	11	13	1	2	1	1	26	1	83	0	1	2	27	20	4	43	22	9	1377	3	7	4	0	24	10	42	9	18	0	4	22	40	7	4	1	4	0	2	0	8	10	3	0	3	1	1	26
Zotu24	9	1	1	43	0	1	9	0	1	0	2	0	3	1	2	1	9	1	3	6	2	7	1	7	0	12	0	0	1	2	0	1	2	0	1	2	0	6	1	2	2	0	1	6	1	0	0	7	0	3	0	0	3	5	1	3	2	1	0	0	4	2	1	0	8	2	0	3	0	1	0	2	0	0
Zotu26	8	0	13	11	0	6	2	0	0	0	1	0	5	2	0	0	0	0	0	0	0	0	1	2	0	0	0	1	32	1	1	5	0	2	1	0	1	4	0	5	0	5	0	7	0	0	4	10	0	0	26	0	0	6	0	1	0	0	0	0	1	0	0	0	0	5	0	0	3	1	1	0	0	1
Zotu21	1	0	0	0	0	0	0	0	1	1	0	0	4	1	0	0	0	0	0	0	0	0	0	0	0	0	0	0	14	7	0	0	1	0	0	0	4	54	4	0	0	1	0	0	0	0	0	4	3	0	3	0	0	4	0	0	0	0	0	2	0	0	0	0	0	0	0	0	3	0	0	0	3	0
Zotu25	9	1	5	8	0	22	3	1	29	1	6	2	0	38	7	1	0	0	3	5	5	1	15	4	0	6	1	3	0	0	0	1	1	9	1	12	1	1	0	2	1	4	3	3	7	6	5	15	0	2	11	1	0	14	2	5	1	3	29	8	6	0	0	3	1	9	3	0	9	13	0	2	0	6
Zotu27	4	0	3	12	0	20	4	0	4	1	3	1	0	4	2	1	0	0	0	0	1	33	9	3	0	0	0	0	0	0	0	0	0	3	0	5	0	0	0	10	3	2	1	5	3	1	3	5	0	0	11	1	0	4	3	2	1	0	1	0	2	0	0	1	0	2	1	0	4	1	0	1	0	1
Zotu20	1	0	1	0	0	0	0	0	0	0	0	0	14	0	0	0	1	0	0	0	0	0	0	0	0	0	0	0	15	2	0	0	0	0	0	0	0	0	5	0	0	0	1	0	0	0	1	0	19	0	1	1	0	1	0	0	0	0	0	0	0	0	0	1	0	0	0	1	0	0	0	0	4	0
