OTUId	CGAGGCTGAGAGTAGA	TAAGGCGAAAGGAGTA	TCCTGAGCTATCCTCT	CGAGGCTGAAGGAGTA	CTCTCTACACTGCATA	TAGGCATGAAGGAGTA	AAGAGGCACTAAGCCT	CGTACTAGAGAGTAGA	CTCTCTACTAGATCGC	CAGAGAGGAGAGTAGA	CAGAGAGGTATCCTCT	AAGAGGCAACTGCATA	AGGCAGAATATCCTCT	TAGGCATGTAGATCGC	GCTACGCTAGAGTAGA	GCTACGCTTATCCTCT	GGACTCCTCTCTCTAT	TAAGGCGATATCCTCT	CTCTCTACCTCTCTAT	TCCTGAGCTAGATCGC	AAGAGGCATAGATCGC	CGTACTAGTATCCTCT	CGAGGCTGTATCCTCT	TAGGCATGAGAGTAGA	TCCTGAGCACTGCATA	CGAGGCTGTAGATCGC	AGGCAGAAAAGGAGTA	CAGAGAGGCTCTCTAT	TAGGCATGCTAAGCCT	CGTACTAGGTAAGGAG	CGAGGCTGCTAAGCCT	AGGCAGAAGTAAGGAG	TAAGGCGAGTAAGGAG	CGTACTAGCTCTCTAT	CGTACTAGCTAAGCCT	CTCTCTACAGAGTAGA	CAGAGAGGAAGGAGTA	AGGCAGAACTCTCTAT	AGGCAGAAAGAGTAGA	TCCTGAGCAAGGAGTA	AGGCAGAAACTGCATA	CTCTCTACAAGGAGTA	TAAGGCGAAGAGTAGA	TAGGCATGTATCCTCT	CGTACTAGAAGGAGTA	AAGAGGCAGTAAGGAG	CAGAGAGGACTGCATA	GGACTCCTTATCCTCT	GGACTCCTAGAGTAGA	GGACTCCTCTAAGCCT	GCTACGCTTAGATCGC	GGACTCCTAAGGAGTA	TAAGGCGAACTGCATA	CGAGGCTGACTGCATA	GGACTCCTTAGATCGC	CAGAGAGGGTAAGGAG	TCCTGAGCGTAAGGAG	AAGAGGCATATCCTCT	AAGAGGCAAGAGTAGA	TAGGCATGACTGCATA	TAGGCATGGTAAGGAG	TCCTGAGCAGAGTAGA	GCTACGCTCTCTCTAT	GCTACGCTACTGCATA	GCTACGCTGTAAGGAG	CGAGGCTGCTCTCTAT	CGAGGCTGGTAAGGAG	AAGAGGCACTCTCTAT	CGTACTAGACTGCATA	GGACTCCTGTAAGGAG	CTCTCTACGTAAGGAG	TAAGGCGACTCTCTAT	AGGCAGAACTAAGCCT	TAGGCATGCTCTCTAT
Zotu3	7688	130	328	408	5316	5543	203	344	553	8000	192	179	4533	21234	2613	63	78	45	5716	431	594	159	181	1061	175	393	414	129	381	228	124	237	134	117	5260	7941	367	144	6396	10683	100	729	178	627	278	12798	103	101	232	78	151	171	37	102	232	273	5021	358	672	330	4652	657	49	30	106	139	286	253	91	2165	363	35	122	455
Zotu11	267	6947	50	8375	47	222	4	5564	109	96	56	2	126	35	37	17	9525	176	169	6	11	140	170	164	5	132	242	113	20	47	64	46	56	176	49	228	144	5724	214	92	42	5923	237	2293	268	5	3	3299	6737	128	5	585	51	67	291	12	7	43	73	22	24	71	51	4	3	230	57	77	40	134	36	171	52	153
Zotu9	3	4	3291	7	4346	2	1	1	84	0	25	17	26	2	0	8	1	26	85	57	2	26	29	4	47	0	3	0	2	0	2	2	1	3	0	156	0	0	1	90	20	150	1	36	5	5	12	21	0	0	1	0	10	24	1	0	33	26	1	21	2	75	0	5	0	1	1	1	17	0	50	1	1	0
Zotu13	4046	36	51	5912	39	67	18	2965	2949	76	7	6	43	18	765	74	211	2	45	57	27	217	181	115	21	179	86	4	27	61	115	1333	5	70	2454	169	47	22	112	118	22	129	79	8	381	14	4	12	501	49	21	59	4	77	28	12	32	12	69	1	8	2554	13	8	15	96	110	5	61	14	56	3	43	8
Zotu5	121	41	4570	88	33	5095	71	6571	95	492	7866	80	99	304	119	115	102	84	6	268	5307	214	125	6110	113	97	43	207	88	111	4	39	31	79	63	113	507	8	63	346	32	75	66	321	251	110	6687	4438	278	81	3105	242	24	45	229	211	4272	196	224	127	173	322	49	38	66	5	48	79	86	2071	66	6	6	140
Zotu2	298	206	99	280	142	3543	4595	47	122	2695	135	2698	7	105	70	61	94	79	60	4042	202	14	137	152	124	204	58	74	169	26	3897	22	71	6	92	5040	247	5	48	192	68	219	193	64	57	679	138	150	235	5732	66	2484	3772	3360	180	2501	77	651	273	149	56	162	40	1781	30	77	106	114	108	70	49	57	80	42
Zotu14	133	222	187	140	4	51	59	5563	14	318	321	3	6495	7	87	3209	52	3562	48	61	10	201	210	50	26	61	192	11639	34	98	4166	93	3786	128	83	57	290	149	196	3651	55	50	232	143	176	26	97	100	31	19	58	32	66	34	7	131	80	116	34	3	30	121	59	33	37	119	64	70	51	17	28	155	103	74
Zotu10	152	16	41	150	55	259	3	90	162	27	43	12	34	2775	14	28	108	28	50	88	73	3833	155	268	20	191	6	7	86	49	28	17	16	43	44	3895	6	4	13	5	11	147	19	1895	102	25	20	228	268	98	33	261	14	2896	7217	24	26	52	29	99	2077	20	1	8	10	68	79	4	46	105	70	4	3	112
Zotu7	112	7415	47	231	40	235	6219	10	8	193	164	71	3800	60	176	150	3	151	5	11	101	61	130	87	42	82	167	102	103	39	4711	56	82	11	63	10	335	63	96	108	69	114	171	3390	115	58	104	46	11	50	115	95	86	85	9	5450	24	152	137	102	84	10	91	2486	71	41	66	71	57	20	28	73	76	57
Zotu20	145	27	30	239	0	59	0	158	2	2	51	0	37	4	1	20	2	30	1	1	3	179	7284	5	0	111	46	0	0	78	54	0	4	81	68	0	54	0	2	57	2	47	1	52	9687	0	1	35	6	1	1	40	10	50	0	2	0	37	3	3	1	1	2	1	0	66	50	1	72	0	1	3	1	1
Zotu1	122	29	3066	128	77	541	75	270	309	267	233	4049	49	14105	15	30	78	45	174	5181	226	210	122	4075	92	288	43	12116	208	88	3828	4	1	10000	119	174	315	104	47	256	36	6081	40	2643	239	44	114	45	40	21	69	30	23	46	133	105	96	149	165	202	198	239	45	10	0	181	44	173	98	2	65	94	14	424
Zotu6	6081	307	5	8631	86	256	54	73	4907	178	68	68	74	42	73	39	3	100	108	33	139	11	199	84	0	252	4040	50	6	25	121	50	3466	5	7	5829	4372	39	124	186	40	507	174	10	196	99	18	3	53	4	52	162	34	113	17	62	34	137	215	5	35	47	30	9	27	157	149	90	4	28	125	58	39	6
Zotu4	125	200	3835	96	30	106	107	258	35	107	114	118	117	69	3969	116	54	195	3	111	4731	7670	143	133	63	34	69	10	10	82	9	47	61	104	86	101	66	1	84	153	37	80	237	171	229	136	31	146	195	53	81	4770	4489	44	91	11	43	6003	353	71	24	192	57	52	50	6	8	111	99	56	6	72	8	9
Zotu42	4	9	2	3	6	30	5	4	3	35	0	8	0	4	9	1	0	0	2	2	10	9	3	16	14	1	6	0	13	4	3	6	2	1	38	13	6	0	3	8	3	8	7	3	6	10	5	2	6	4	5	45	37	2	3	1	2	9	20	11	4	8	0	2	4	0	1	0	1	1	1	1	5	1
Zotu8	4637	3111	110	205	59	68	34	64	124	44	16	30	13	46	66	20	27	1774	5878	131	95	15	135	80	51	112	49	30	5	11	40	5	47	66	1	214	47	18	55	3250	0	202	164	17	37	2269	5	23	57	2	1322	36	50	48	25	17	81	70	147	2	22	3907	30	13	15	84	65	73	0	7	80	72	4	40
Zotu22	1	14	1	20	0	22	0	0	0	75	63	0	0	0	0	1	0	0	1	0	0	0	3	1	0	0	19	44	1	0	1	0	1	2	0	0	3755	0	0	15	0	24	0	1	19	1	21	0	2	0	0	18	0	0	1	30	0	1	0	1	0	2	0	0	1	0	0	0	0	0	0	1	1	1
Zotu16	36	1	1	1	0	7	26	37	2	18	3	1	153	0	9	2	79	0	27	1	2	3	1	43	0	4	212	24	40	1	39	85	0	27	40	23	1	5318	5056	1	76	6	23	0	4	0	0	68	106	4124	1	74	0	1	52	0	2	2	23	3	2	25	12	1	0	43	1	19	0	31	0	33	117	37
Zotu21	1	3	7	4	0	3	1	6	2	3	2	0	197	2	0	1	1	0	0	2	10	3	2	3	1	0	297	1	1	45	1	7837	34	1	1	3	5	128	250	1	84	5	3	4	2	29	0	2	2	2	1	2	4	1	2	49	32	10	0	0	47	0	0	1	16	2	44	0	6	34	44	0	112	0
Zotu28	1	0	18	0	0	1	1	78	1	1	16	0	17	6	1	12	0	15	0	0	0	3703	31	2	1	0	0	1	0	36	0	0	1	32	21	1	3	0	0	1	0	1	1	22	96	0	0	11	1	0	0	0	1	0	0	0	0	14	0	0	0	1	0	0	0	0	0	0	27	1	0	2	0	0
Zotu15	34	109	0	27	1	20	1	30	1	25	0	0	67	1	12	0	1	47	0	1	1	1	0	37	2	4	3806	2	2	2	1	36	31	0	0	25	23	49	89	36	29	24	2997	1	21	0	0	2	36	1	0	28	35	0	0	7	0	1	24	1	0	29	0	0	1	1	2	1	2	0	2	48	24	1
Zotu12	80	87	2	4	1	2	0	74	2	79	2	4	1	4	2126	31	1	65	1	1	1	0	0	90	1	1	3	4	1	1	1	1	33	1	3	53	3	1	58	2	0	2	2979	1	7	0	1	0	61	1	25	3	16	2	1	1	0	1	67	1	1	60	21	21	20	4	0	1	0	2	1	34	0	1
Zotu17	80	80	6	4	6	4	3	1	10	6	0	3	1	5	3	4	1	29	227	11	8	1	2	2	1	12	2	3	0	2	3	0	4	6	0	20	2	1	2	124	0	16	8	1	1	111	0	0	4	1	27	4	2	1	2	1	12	4	18	0	13	74	1	2	2	1	4	3	0	5	4	2	0	0
Zotu40	0	2	8	2	0	4	8	11	3	11	9	7	9	6	15	7	1	4	0	5	406	13	6	2	4	5	1	0	3	2	0	1	0	1	1	0	6	0	3	4	2	1	3	12	5	11	2	14	5	1	3	2	0	0	5	7	2	19	22	1	2	4	0	0	0	0	0	3	6	3	1	1	1	4
Zotu39	4	2	4	3	1	5	0	2	9	1	1	1	6	9	1	0	7	2	4	8	5	2	4	68	1	7	1	3	0	0	5	1	0	10	0	4	2	17	1	1	2	52	4	2	3	0	2	1	6	2	1	0	2	0	15	0	0	1	1	3	1	2	2	0	0	8	1	2	2	0	0	4	1	6
Zotu29	4	20	2	34	13	2270	2	1	8	57	36	9	0	37	3	2	3	3	3	3	3	5	2	47	4	5	13	31	11	1	2	1	1	1	1	26	83	0	1	20	2	27	4	43	22	9	1377	3	7	4	0	24	10	42	9	18	0	4	7	22	40	4	1	4	0	2	0	8	10	3	0	3	1	26
Zotu27	3	1	0	2	1	0	0	0	0	2	0	0	17	1	0	0	5	0	0	0	0	0	0	2	0	0	19	1	0	0	0	4	0	2	0	0	0	89	79	0	6	0	0	1	0	0	0	6	8	38	0	9	1	0	1	0	0	1	1	0	0	0	0	0	0	1	0	0	0	4	0	1	0	0
Zotu18	3	2	114	4	3	22	11	9	13	14	9	140	1	507	1	1	4	2	9	184	11	6	13	175	5	13	1	558	15	1	179	2	0	387	2	5	11	2	2	13	1	232	1	102	6	3	5	0	3	1	4	3	0	2	8	7	3	5	14	10	9	11	0	0	0	8	1	7	2	0	3	4	0	20
Zotu30	18	40	3	17	0	17	0	32	1	13	3	1	6	1	1	3	3	2	11	2	1	7	5	16	0	3	9	6	0	0	0	1	1	9	0	10	18	11	7	18	0	49	10	10	11	0	0	2	7	0	0	2	0	0	0	0	1	4	8	1	0	10	7	0	0	16	0	8	1	1	1	9	0	12
Zotu37	8	6	1	132	1	5	0	4	86	2	2	0	6	2	0	0	1	0	1	1	4	2	1	3	0	6	44	1	0	1	1	1	1	0	0	4	154	1	3	5	0	13	4	0	12	0	0	1	11	0	0	12	0	1	5	1	1	0	2	0	0	2	0	0	1	2	2	0	0	2	1	0	1	0
Zotu26	29	10	3	75	2	22	13	12	40	33	1	30	3	7	8	4	1	1	0	22	4	3	2	5	5	5	6	3	8	3	8	34	1	2	23	21	11	1	14	6	5	15	9	1	6	10	8	2	1	2	2	26	32	13	4	3	4	7	10	5	4	23	1	3	0	1	6	0	2	0	9	1	4	3
Zotu19	22	5	42	7	8	38	10	13	19	16	17	13	16	33	9	4	3	11	1	21	376	18	19	104	10	14	2	2	5	4	0	9	7	0	2	21	8	1	18	21	7	7	8	29	4	14	17	8	6	1	23	3	3	6	14	11	116	29	32	15	18	24	0	0	3	1	6	5	4	28	7	0	1	6
Zotu33	3	19	0	11	0	10	0	4	2	7	3	0	0	2	8	1	0	2	0	0	2	0	1	7	0	1	5	1	0	0	1	1	2	1	0	3	15	1	2	2	0	2	8	0	19	2	0	0	0	0	5	3	1	0	0	5	0	0	2	0	1	1	2	1	1	0	2	0	0	0	0	1	0	0
Zotu23	4	75	1	30	0	5	0	1	0	1	0	1	9	1	0	2	3	10	0	0	0	7	11	1	0	0	17	0	2	3	5	3	4	0	2	1	2	1	1	1	1	12	4	48	12	0	1	32	5	11	0	19	2	2	3	0	0	0	0	3	1	0	0	0	0	1	1	0	1	2	2	0	8	1
Zotu36	11	3	7	5	0	27	6	28	4	24	12	5	5	16	8	1	7	1	5	17	17	6	1	25	7	11	15	6	2	18	1	8	4	5	30	8	16	6	98	15	2	6	10	6	7	11	11	8	34	11	7	18	1	1	15	25	118	1	4	1	15	29	3	1	5	3	15	6	1	37	4	3	8	7
Zotu32	9	1	1	43	0	1	0	9	2	1	0	0	3	1	2	1	9	1	3	6	2	7	7	1	0	12	1	0	0	2	0	2	1	2	1	0	2	0	6	2	1	2	0	1	6	1	0	0	7	0	3	0	0	3	5	1	3	2	0	1	0	4	2	1	0	8	2	0	3	0	1	0	0	0
Zotu35	8	13	0	11	0	6	0	2	1	0	0	0	5	2	0	0	0	0	0	0	0	0	2	1	0	0	32	0	1	0	1	1	5	0	1	2	0	1	4	0	0	5	5	0	7	0	0	4	10	0	0	26	0	0	6	0	1	0	0	0	0	1	0	0	0	0	5	0	0	3	1	1	0	1
Zotu31	14	0	2	3	1	2	0	32	0	0	0	1	1	0	1	1	0	0	0	2	1	3	4	0	0	6	1	0	0	0	1	0	1	1	0	1	0	0	1	0	0	2	0	0	0	0	1	0	0	0	0	0	0	6	1	0	1	0	2	0	0	3	0	0	0	0	5	0	2	0	0	0	0	0
Zotu25	1	0	0	0	0	0	0	0	0	1	1	0	4	1	0	0	0	0	0	0	0	0	0	0	0	0	14	0	0	0	0	7	0	1	0	0	0	4	54	0	4	0	1	0	0	0	0	0	4	3	0	3	0	0	4	0	0	0	2	0	0	0	0	0	0	0	0	0	0	3	0	0	3	0
Zotu34	9	5	1	8	0	22	1	3	6	29	1	2	0	38	7	1	0	0	3	5	5	1	4	15	0	6	0	1	3	2	0	0	1	1	1	9	12	1	1	1	0	2	4	3	3	7	6	5	15	0	2	11	1	0	14	2	5	1	8	3	29	6	0	0	3	1	9	3	0	9	13	0	0	6
Zotu38	6	6	0	6	1	3	0	5	3	0	0	0	2	1	1	0	1	4	2	0	0	2	2	3	0	8	0	0	0	0	4	8	7	0	2	4	0	3	7	1	3	2	4	2	2	1	0	6	21	4	0	9	0	1	9	0	0	1	0	0	1	0	0	0	0	3	2	1	1	12	1	4	2	0
Zotu41	4	3	0	12	0	20	0	4	3	4	1	1	0	4	2	1	0	0	0	0	1	33	3	9	0	0	0	0	0	1	0	0	0	0	0	3	5	0	0	3	0	10	2	1	5	3	1	3	5	0	0	11	1	0	4	3	2	1	0	0	1	2	0	0	1	0	2	1	0	4	1	0	0	1
Zotu24	1	1	0	0	0	0	0	0	0	0	0	0	14	0	0	0	1	0	0	0	0	0	0	0	0	0	15	0	0	0	0	2	0	0	0	0	0	0	0	0	5	0	0	1	0	0	0	1	0	19	0	1	1	0	1	0	0	0	0	0	0	0	0	0	1	0	0	0	1	0	0	0	4	0
