OTUId	TAAGGCGAAAGGAGTA	TCCTGAGCTATCCTCT	CGAGGCTGAGAGTAGA	CGAGGCTGAAGGAGTA	CTCTCTACACTGCATA	TAGGCATGAAGGAGTA	CGTACTAGAGAGTAGA	AAGAGGCACTAAGCCT	CAGAGAGGAGAGTAGA	CAGAGAGGTATCCTCT	CTCTCTACTAGATCGC	AAGAGGCAACTGCATA	AGGCAGAATATCCTCT	TAGGCATGTAGATCGC	GCTACGCTAGAGTAGA	GCTACGCTTATCCTCT	GGACTCCTCTCTCTAT	TAAGGCGATATCCTCT	CTCTCTACCTCTCTAT	CGTACTAGTATCCTCT	TCCTGAGCTAGATCGC	AAGAGGCATAGATCGC	CGAGGCTGTATCCTCT	TAGGCATGAGAGTAGA	TCCTGAGCACTGCATA	CGAGGCTGTAGATCGC	CAGAGAGGCTCTCTAT	TAGGCATGCTAAGCCT	CGTACTAGGTAAGGAG	CGAGGCTGCTAAGCCT	AGGCAGAAAAGGAGTA	TAAGGCGAGTAAGGAG	CGTACTAGCTCTCTAT	AGGCAGAAGTAAGGAG	CTCTCTACAGAGTAGA	CAGAGAGGAAGGAGTA	CGTACTAGCTAAGCCT	AGGCAGAACTCTCTAT	AGGCAGAAAGAGTAGA	TCCTGAGCAAGGAGTA	AGGCAGAAACTGCATA	CTCTCTACAAGGAGTA	TAAGGCGAAGAGTAGA	TAGGCATGTATCCTCT	CGTACTAGAAGGAGTA	AAGAGGCAGTAAGGAG	CAGAGAGGACTGCATA	GGACTCCTTATCCTCT	GGACTCCTAGAGTAGA	GGACTCCTCTAAGCCT	GCTACGCTTAGATCGC	GGACTCCTAAGGAGTA	TAAGGCGAACTGCATA	CGAGGCTGACTGCATA	GGACTCCTTAGATCGC	CAGAGAGGGTAAGGAG	TCCTGAGCGTAAGGAG	AAGAGGCATATCCTCT	TAGGCATGACTGCATA	TAGGCATGGTAAGGAG	AAGAGGCAAGAGTAGA	TCCTGAGCAGAGTAGA	GCTACGCTCTCTCTAT	GCTACGCTACTGCATA	GCTACGCTGTAAGGAG	CGAGGCTGCTCTCTAT	CGAGGCTGGTAAGGAG	AAGAGGCACTCTCTAT	CGTACTAGACTGCATA	GGACTCCTGTAAGGAG	CTCTCTACGTAAGGAG	TAAGGCGACTCTCTAT	AGGCAGAACTAAGCCT	TAGGCATGCTCTCTAT
Zotu10	6947	50	267	8375	47	222	5564	4	96	56	109	2	126	35	37	17	9525	176	169	140	6	11	170	164	5	132	113	20	47	64	242	56	176	46	228	144	49	5724	214	92	42	5923	237	2293	268	5	3	3299	6737	128	5	585	51	67	291	12	7	43	22	24	73	71	51	4	3	230	57	77	40	134	36	171	52	153
Zotu9	4	3291	3	7	4346	2	1	1	0	25	84	17	26	2	0	8	1	26	85	26	57	2	29	4	47	0	0	2	0	2	3	1	3	2	156	0	0	0	1	90	20	150	1	36	5	5	12	21	0	0	1	0	10	24	1	0	33	26	21	2	1	75	0	5	0	1	1	1	17	0	50	1	1	0
Zotu3	130	328	7688	408	5316	5543	344	203	8000	192	553	179	4533	21234	2613	63	78	45	5716	159	431	594	181	1061	175	393	129	381	228	124	414	134	117	237	7941	367	5260	144	6396	10683	100	729	178	627	278	12798	103	101	232	78	151	171	37	102	232	273	5021	358	330	4652	672	657	49	30	106	139	286	253	91	2165	363	35	122	455
Zotu12	36	51	4046	5912	39	67	2965	18	76	7	2949	6	43	18	765	74	211	2	45	217	57	27	181	115	21	179	4	27	61	115	86	5	70	1333	169	47	2454	22	112	118	22	129	79	8	381	14	4	12	501	49	21	59	4	77	28	12	32	12	1	8	69	2554	13	8	15	96	110	5	61	14	56	3	43	8
Zotu5	41	4570	121	88	33	5095	6571	71	492	7866	95	80	99	304	119	115	102	84	6	214	268	5307	125	6110	113	97	207	88	111	4	43	31	79	39	113	507	63	8	63	346	32	75	66	321	251	110	6687	4438	278	81	3105	242	24	45	229	211	4272	196	127	173	224	322	49	38	66	5	48	79	86	2071	66	6	6	140
Zotu13	222	187	133	140	4	51	5563	59	318	321	14	3	6495	7	87	3209	52	3562	48	201	61	10	210	50	26	61	11639	34	98	4166	192	3786	128	93	57	290	83	149	196	3651	55	50	232	143	176	26	97	100	31	19	58	32	66	34	7	131	80	116	3	30	34	121	59	33	37	119	64	70	51	17	28	155	103	74
Zotu2	206	99	298	280	142	3543	47	4595	2695	135	122	2698	7	105	70	61	94	79	60	14	4042	202	137	152	124	204	74	169	26	3897	58	71	6	22	5040	247	92	5	48	192	68	219	193	64	57	679	138	150	235	5732	66	2484	3772	3360	180	2501	77	651	149	56	273	162	40	1781	30	77	106	114	108	70	49	57	80	42
Zotu14	16	41	152	150	55	259	90	3	27	43	162	12	34	2775	14	28	108	28	50	3833	88	73	155	268	20	191	7	86	49	28	6	16	43	17	3895	6	44	4	13	5	11	147	19	1895	102	25	20	228	268	98	33	261	14	2896	7217	24	26	52	99	2077	29	20	1	8	10	68	79	4	46	105	70	4	3	112
Zotu7	7415	47	112	231	40	235	10	6219	193	164	8	71	3800	60	176	150	3	151	5	61	11	101	130	87	42	82	102	103	39	4711	167	82	11	56	10	335	63	63	96	108	69	114	171	3390	115	58	104	46	11	50	115	95	86	85	9	5450	24	152	102	84	137	10	91	2486	71	41	66	71	57	20	28	73	76	57
Zotu17	27	30	145	239	0	59	158	0	2	51	2	0	37	4	1	20	2	30	1	179	1	3	7284	5	0	111	0	0	78	54	46	4	81	0	0	54	68	0	2	57	2	47	1	52	9687	0	1	35	6	1	1	40	10	50	0	2	0	37	3	1	3	1	2	1	0	66	50	1	72	0	1	3	1	1
Zotu1	29	3066	122	128	77	541	270	75	267	233	309	4049	49	14105	15	30	78	45	174	210	5181	226	122	4075	92	288	12116	208	88	3828	43	1	10000	4	174	315	119	104	47	256	36	6081	40	2643	239	44	114	45	40	21	69	30	23	46	133	105	96	149	202	198	165	239	45	10	0	181	44	173	98	2	65	94	14	424
Zotu4	200	3835	125	96	30	106	258	107	107	114	35	118	117	69	3969	116	54	195	3	7670	111	4731	143	133	63	34	10	10	82	9	69	61	104	47	101	66	86	1	84	153	37	80	237	171	229	136	31	146	195	53	81	4770	4489	44	91	11	43	6003	71	24	353	192	57	52	50	6	8	111	99	56	6	72	8	9
Zotu6	307	5	6081	8631	86	256	73	54	178	68	4907	68	74	42	73	39	3	100	108	11	33	139	199	84	0	252	50	6	25	121	4040	3466	5	50	5829	4372	7	39	124	186	40	507	174	10	196	99	18	3	53	4	52	162	34	113	17	62	34	137	5	35	215	47	30	9	27	157	149	90	4	28	125	58	39	6
Zotu32	9	2	4	3	6	30	4	5	35	0	3	8	0	4	9	1	0	0	2	9	2	10	3	16	14	1	0	13	4	3	6	2	1	6	13	6	38	0	3	8	3	8	7	3	6	10	5	2	6	4	5	45	37	2	3	1	2	9	11	4	20	8	0	2	4	0	1	0	1	1	1	1	5	1
Zotu8	3111	110	4637	205	59	68	64	34	44	16	124	30	13	46	66	20	27	1774	5878	15	131	95	135	80	51	112	30	5	11	40	49	47	66	5	214	47	1	18	55	3250	0	202	164	17	37	2269	5	23	57	2	1322	36	50	48	25	17	81	70	2	22	147	3907	30	13	15	84	65	73	0	7	80	72	4	40
Zotu19	14	1	1	20	0	22	0	0	75	63	0	0	0	0	0	1	0	0	1	0	0	0	3	1	0	0	44	1	0	1	19	1	2	0	0	3755	0	0	0	15	0	24	0	1	19	1	21	0	2	0	0	18	0	0	1	30	0	1	1	0	0	2	0	0	1	0	0	0	0	0	0	1	1	1
Zotu16	1	1	36	1	0	7	37	26	18	3	2	1	153	0	9	2	79	0	27	3	1	2	1	43	0	4	24	40	1	39	212	0	27	85	23	1	40	5318	5056	1	76	6	23	0	4	0	0	68	106	4124	1	74	0	1	52	0	2	2	3	2	23	25	12	1	0	43	1	19	0	31	0	33	117	37
Zotu18	3	7	1	4	0	3	6	1	3	2	2	0	197	2	0	1	1	0	0	3	2	10	2	3	1	0	1	1	45	1	297	34	1	7837	3	5	1	128	250	1	84	5	3	4	2	29	0	2	2	2	1	2	4	1	2	49	32	10	0	47	0	0	0	1	16	2	44	0	6	34	44	0	112	0
Zotu23	0	18	1	0	0	1	78	1	1	16	1	0	17	6	1	12	0	15	0	3703	0	0	31	2	1	0	1	0	36	0	0	1	32	0	1	3	21	0	0	1	0	1	1	22	96	0	0	11	1	0	0	0	1	0	0	0	0	14	0	0	0	1	0	0	0	0	0	0	27	1	0	2	0	0
Zotu15	109	0	34	27	1	20	30	1	25	0	1	0	67	1	12	0	1	47	0	1	1	1	0	37	2	4	2	2	2	1	3806	31	0	36	25	23	0	49	89	36	29	24	2997	1	21	0	0	2	36	1	0	28	35	0	0	7	0	1	1	0	24	29	0	0	1	1	2	1	2	0	2	48	24	1
Zotu11	87	2	80	4	1	2	74	0	79	2	2	4	1	4	2126	31	1	65	1	0	1	1	0	90	1	1	4	1	1	1	3	33	1	1	53	3	3	1	58	2	0	2	2979	1	7	0	1	0	61	1	25	3	16	2	1	1	0	1	1	1	67	60	21	21	20	4	0	1	0	2	1	34	0	1
Zotu24	20	2	4	34	13	2270	1	2	57	36	8	9	0	37	3	2	3	3	3	5	3	3	2	47	4	5	31	11	1	2	13	1	1	1	26	83	1	0	1	20	2	27	4	43	22	9	1377	3	7	4	0	24	10	42	9	18	0	4	22	40	7	4	1	4	0	2	0	8	10	3	0	3	1	26
Zotu31	40	3	18	17	0	17	32	0	13	3	1	1	6	1	1	3	3	2	11	7	2	1	5	16	0	3	6	0	0	0	9	1	9	1	10	18	0	11	7	18	0	49	10	10	11	0	0	2	7	0	0	2	0	0	0	0	1	4	1	0	8	10	7	0	0	16	0	8	1	1	1	9	0	12
Zotu28	6	1	8	132	1	5	4	0	2	2	86	0	6	2	0	0	1	0	1	2	1	4	1	3	0	6	1	0	1	1	44	1	0	1	4	154	0	1	3	5	0	13	4	0	12	0	0	1	11	0	0	12	0	1	5	1	1	0	0	0	2	2	0	0	1	2	2	0	0	2	1	0	1	0
Zotu20	75	1	4	30	0	5	1	0	1	0	0	1	9	1	0	2	3	10	0	7	0	0	11	1	0	0	0	2	3	5	17	4	0	3	1	2	2	1	1	1	1	12	4	48	12	0	1	32	5	11	0	19	2	2	3	0	0	0	3	1	0	0	0	0	0	1	1	0	1	2	2	0	8	1
Zotu25	1	1	9	43	0	1	9	0	1	0	2	0	3	1	2	1	9	1	3	7	6	2	7	1	0	12	0	0	2	0	1	1	2	2	0	2	1	0	6	2	1	2	0	1	6	1	0	0	7	0	3	0	0	3	5	1	3	2	1	0	0	4	2	1	0	8	2	0	3	0	1	0	0	0
Zotu27	13	0	8	11	0	6	2	0	0	0	1	0	5	2	0	0	0	0	0	0	0	0	2	1	0	0	0	1	0	1	32	5	0	1	2	0	1	1	4	0	0	5	5	0	7	0	0	4	10	0	0	26	0	0	6	0	1	0	0	0	0	1	0	0	0	0	5	0	0	3	1	1	0	1
Zotu22	0	0	1	0	0	0	0	0	1	1	0	0	4	1	0	0	0	0	0	0	0	0	0	0	0	0	0	0	0	0	14	0	1	7	0	0	0	4	54	0	4	0	1	0	0	0	0	0	4	3	0	3	0	0	4	0	0	0	0	0	2	0	0	0	0	0	0	0	0	3	0	0	3	0
Zotu26	5	1	9	8	0	22	3	1	29	1	6	2	0	38	7	1	0	0	3	1	5	5	4	15	0	6	1	3	2	0	0	1	1	0	9	12	1	1	1	1	0	2	4	3	3	7	6	5	15	0	2	11	1	0	14	2	5	1	3	29	8	6	0	0	3	1	9	3	0	9	13	0	0	6
Zotu29	6	0	6	6	1	3	5	0	0	0	3	0	2	1	1	0	1	4	2	2	0	0	2	3	0	8	0	0	0	4	0	7	0	8	4	0	2	3	7	1	3	2	4	2	2	1	0	6	21	4	0	9	0	1	9	0	0	1	0	1	0	0	0	0	0	3	2	1	1	12	1	4	2	0
Zotu30	3	0	4	12	0	20	4	0	4	1	3	1	0	4	2	1	0	0	0	33	0	1	3	9	0	0	0	0	1	0	0	0	0	0	3	5	0	0	0	3	0	10	2	1	5	3	1	3	5	0	0	11	1	0	4	3	2	1	0	1	0	2	0	0	1	0	2	1	0	4	1	0	0	1
Zotu21	1	0	1	0	0	0	0	0	0	0	0	0	14	0	0	0	1	0	0	0	0	0	0	0	0	0	0	0	0	0	15	0	0	2	0	0	0	0	0	0	5	0	0	1	0	0	0	1	0	19	0	1	1	0	1	0	0	0	0	0	0	0	0	0	1	0	0	0	1	0	0	0	4	0
