OTUId	CGAGGCTGAGAGTAGA	TCCTGAGCTATCCTCT	TAAGGCGAAAGGAGTA	CGAGGCTGAAGGAGTA	CTCTCTACACTGCATA	TAGGCATGAAGGAGTA	CGTACTAGAGAGTAGA	TAGGCATGTAGATCGC	AAGAGGCACTAAGCCT	CAGAGAGGAGAGTAGA	CAGAGAGGTATCCTCT	CTCTCTACTAGATCGC	AAGAGGCAACTGCATA	AGGCAGAATATCCTCT	GCTACGCTAGAGTAGA	GCTACGCTTATCCTCT	GGACTCCTCTCTCTAT	TAAGGCGATATCCTCT	CTCTCTACCTCTCTAT	CGTACTAGTATCCTCT	TCCTGAGCTAGATCGC	AAGAGGCATAGATCGC	CGAGGCTGTATCCTCT	TAGGCATGAGAGTAGA	CGAGGCTGTAGATCGC	TCCTGAGCACTGCATA	AGGCAGAAAAGGAGTA	CAGAGAGGCTCTCTAT	TAGGCATGCTAAGCCT	AGGCAGAAGTAAGGAG	CGTACTAGGTAAGGAG	CGAGGCTGCTAAGCCT	CGTACTAGCTCTCTAT	CGTACTAGCTAAGCCT	TAAGGCGAGTAAGGAG	CTCTCTACAGAGTAGA	CAGAGAGGAAGGAGTA	AGGCAGAACTCTCTAT	AGGCAGAAAGAGTAGA	TCCTGAGCAAGGAGTA	CTCTCTACAAGGAGTA	TAAGGCGAAGAGTAGA	AGGCAGAAACTGCATA	TAGGCATGTATCCTCT	CGTACTAGAAGGAGTA	AAGAGGCAGTAAGGAG	CAGAGAGGACTGCATA	GGACTCCTTATCCTCT	GGACTCCTAGAGTAGA	GGACTCCTCTAAGCCT	GCTACGCTTAGATCGC	GGACTCCTAAGGAGTA	TAAGGCGAACTGCATA	CGAGGCTGACTGCATA	GGACTCCTTAGATCGC	CAGAGAGGGTAAGGAG	TCCTGAGCGTAAGGAG	AAGAGGCATATCCTCT	AAGAGGCAAGAGTAGA	TAGGCATGACTGCATA	TAGGCATGGTAAGGAG	TCCTGAGCAGAGTAGA	GCTACGCTCTCTCTAT	GCTACGCTACTGCATA	GCTACGCTGTAAGGAG	CGAGGCTGCTCTCTAT	CGAGGCTGGTAAGGAG	AAGAGGCACTCTCTAT	CGTACTAGACTGCATA	GGACTCCTGTAAGGAG	CTCTCTACGTAAGGAG	TAAGGCGACTCTCTAT	AGGCAGAACTAAGCCT	TAGGCATGCTCTCTAT
Zotu3	7688	328	130	408	5316	5543	344	21234	203	8000	192	553	179	4533	2613	63	78	45	5716	159	431	594	181	1061	393	175	414	129	381	237	228	124	117	5260	134	7941	367	144	6396	10683	729	178	100	627	278	12798	103	101	232	78	151	171	37	102	232	273	5021	358	672	330	4652	657	49	30	106	139	286	253	91	2165	363	35	122	455
Zotu9	3	3291	4	7	4346	2	1	2	1	0	25	84	17	26	0	8	1	26	85	26	57	2	29	4	0	47	3	0	2	2	0	2	3	0	1	156	0	0	1	90	150	1	20	36	5	5	12	21	0	0	1	0	10	24	1	0	33	26	1	21	2	75	0	5	0	1	1	1	17	0	50	1	1	0
Zotu12	267	50	6947	8375	47	222	5564	35	4	96	56	109	2	126	37	17	9525	176	169	140	6	11	170	164	132	5	242	113	20	46	47	64	176	49	56	228	144	5724	214	92	5923	237	42	2293	268	5	3	3299	6737	128	5	585	51	67	291	12	7	43	73	22	24	71	51	4	3	230	57	77	40	134	36	171	52	153
Zotu14	4046	51	36	5912	39	67	2965	18	18	76	7	2949	6	43	765	74	211	2	45	217	57	27	181	115	179	21	86	4	27	1333	61	115	70	2454	5	169	47	22	112	118	129	79	22	8	381	14	4	12	501	49	21	59	4	77	28	12	32	12	69	1	8	2554	13	8	15	96	110	5	61	14	56	3	43	8
Zotu5	121	4570	41	88	33	5095	6571	304	71	492	7866	95	80	99	119	115	102	84	6	214	268	5307	125	6110	97	113	43	207	88	39	111	4	79	63	31	113	507	8	63	346	75	66	32	321	251	110	6687	4438	278	81	3105	242	24	45	229	211	4272	196	224	127	173	322	49	38	66	5	48	79	86	2071	66	6	6	140
Zotu15	133	187	222	140	4	51	5563	7	59	318	321	14	3	6495	87	3209	52	3562	48	201	61	10	210	50	61	26	192	11639	34	93	98	4166	128	83	3786	57	290	149	196	3651	50	232	55	143	176	26	97	100	31	19	58	32	66	34	7	131	80	116	34	3	30	121	59	33	37	119	64	70	51	17	28	155	103	74
Zotu32	6	148	6	6	4	26	9	597	3	20	9	13	144	0	0	0	4	1	8	6	221	15	5	185	13	4	2	530	4	0	5	133	350	4	0	10	20	4	4	12	246	2	1	106	14	4	3	0	2	1	4	1	0	3	8	5	2	8	8	6	11	8	3	1	0	4	1	5	6	0	6	4	0	12
Zotu2	298	99	206	280	142	3543	47	105	4595	2695	135	122	2698	7	70	61	94	79	60	14	4042	202	137	152	204	124	58	74	169	22	26	3897	6	92	71	5040	247	5	48	192	219	193	68	64	57	679	138	150	235	5732	66	2484	3772	3360	180	2501	77	651	273	149	56	162	40	1781	30	77	106	114	108	70	49	57	80	42
Zotu11	152	41	16	150	55	259	90	2775	3	27	43	162	12	34	14	28	108	28	50	3833	88	73	155	268	191	20	6	7	86	17	49	28	43	44	16	3895	6	4	13	5	147	19	11	1895	102	25	20	228	268	98	33	261	14	2896	7217	24	26	52	29	99	2077	20	1	8	10	68	79	4	46	105	70	4	3	112
Zotu7	112	47	7415	231	40	235	10	60	6219	193	164	8	71	3800	176	150	3	151	5	61	11	101	130	87	82	42	167	102	103	56	39	4711	11	63	82	10	335	63	96	108	114	171	69	3390	115	58	104	46	11	50	115	95	86	85	9	5450	24	152	137	102	84	10	91	2486	71	41	66	71	57	20	28	73	76	57
Zotu22	145	30	27	239	0	59	158	4	0	2	51	2	0	37	1	20	2	30	1	179	1	3	7284	5	111	0	46	0	0	0	78	54	81	68	4	0	54	0	2	57	47	1	2	52	9687	0	1	35	6	1	1	40	10	50	0	2	0	37	3	3	1	1	2	1	0	66	50	1	72	0	1	3	1	1
Zotu1	122	3066	29	128	77	541	270	14105	75	267	233	309	4049	49	15	30	78	45	174	210	5181	226	122	4075	288	92	43	12116	208	4	88	3828	10000	119	1	174	315	104	47	256	6081	40	36	2643	239	44	114	45	40	21	69	30	23	46	133	105	96	149	165	202	198	239	45	10	0	181	44	173	98	2	65	94	14	424
Zotu4	125	3835	200	96	30	106	258	69	107	107	114	35	118	117	3969	116	54	195	3	7670	111	4731	143	133	34	63	69	10	10	47	82	9	104	86	61	101	66	1	84	153	80	237	37	171	229	136	31	146	195	53	81	4770	4489	44	91	11	43	6003	353	71	24	192	57	52	50	6	8	111	99	56	6	72	8	9
Zotu6	6081	5	307	8631	86	256	73	42	54	178	68	4907	68	74	73	39	3	100	108	11	33	139	199	84	252	0	4040	50	6	50	25	121	5	7	3466	5829	4372	39	124	186	507	174	40	10	196	99	18	3	53	4	52	162	34	113	17	62	34	137	215	5	35	47	30	9	27	157	149	90	4	28	125	58	39	6
Zotu45	4	2	9	3	6	30	4	4	5	35	0	3	8	0	9	1	0	0	2	9	2	10	3	16	1	14	6	0	13	6	4	3	1	38	2	13	6	0	3	8	8	7	3	3	6	10	5	2	6	4	5	45	37	2	3	1	2	9	20	11	4	8	0	2	4	0	1	0	1	1	1	1	5	1
Zotu8	4637	110	3111	205	59	68	64	46	34	44	16	124	30	13	66	20	27	1774	5878	15	131	95	135	80	112	51	49	30	5	5	11	40	66	1	47	214	47	18	55	3250	202	164	0	17	37	2269	5	23	57	2	1322	36	50	48	25	17	81	70	147	2	22	3907	30	13	15	84	65	73	0	7	80	72	4	40
Zotu23	1	1	14	20	0	22	0	0	0	75	63	0	0	0	0	1	0	0	1	0	0	0	3	1	0	0	19	44	1	0	0	1	2	0	1	0	3755	0	0	15	24	0	0	1	19	1	21	0	2	0	0	18	0	0	1	30	0	1	0	1	0	2	0	0	1	0	0	0	0	0	0	1	1	1
Zotu16	36	1	1	1	0	7	37	0	26	18	3	2	1	153	9	2	79	0	27	3	1	2	1	43	4	0	212	24	40	85	1	39	27	40	0	23	1	5318	5056	1	6	23	76	0	4	0	0	68	106	4124	1	74	0	1	52	0	2	2	23	3	2	25	12	1	0	43	1	19	0	31	0	33	117	37
Zotu20	1	7	3	4	0	3	6	2	1	3	2	2	0	197	0	1	1	0	0	3	2	10	2	3	0	1	297	1	1	7837	45	1	1	1	34	3	5	128	250	1	5	3	84	4	2	29	0	2	2	2	1	2	4	1	2	49	32	10	0	0	47	0	0	1	16	2	44	0	6	34	44	0	112	0
Zotu29	1	18	0	0	0	1	78	6	1	1	16	1	0	17	1	12	0	15	0	3703	0	0	31	2	0	1	0	1	0	0	36	0	32	21	1	1	3	0	0	1	1	1	0	22	96	0	0	11	1	0	0	0	1	0	0	0	0	14	0	0	0	1	0	0	0	0	0	0	27	1	0	2	0	0
Zotu17	34	0	109	27	1	20	30	1	1	25	0	1	0	67	12	0	1	47	0	1	1	1	0	37	4	2	3806	2	2	36	2	1	0	0	31	25	23	49	89	36	24	2997	29	1	21	0	0	2	36	1	0	28	35	0	0	7	0	1	24	1	0	29	0	0	1	1	2	1	2	0	2	48	24	1
Zotu13	80	2	87	4	1	2	74	4	0	79	2	2	4	1	2126	31	1	65	1	0	1	1	0	90	1	1	3	4	1	1	1	1	1	3	33	53	3	1	58	2	2	2979	0	1	7	0	1	0	61	1	25	3	16	2	1	1	0	1	67	1	1	60	21	21	20	4	0	1	0	2	1	34	0	1
Zotu18	80	6	80	4	6	4	1	5	3	6	0	10	3	1	3	4	1	29	227	1	11	8	2	2	12	1	2	3	0	0	2	3	6	0	4	20	2	1	2	124	16	8	0	1	1	111	0	0	4	1	27	4	2	1	2	1	12	4	18	0	13	74	1	2	2	1	4	3	0	5	4	2	0	0
Zotu21	0	8	2	2	0	4	11	6	8	11	9	3	7	9	15	7	1	4	0	13	5	406	6	2	5	4	1	0	3	1	2	0	1	1	0	0	6	0	3	4	1	3	2	12	5	11	2	14	5	1	3	2	0	0	5	7	2	19	22	1	2	4	0	0	0	0	0	3	6	3	1	1	1	4
Zotu30	4	2	20	34	13	2270	1	37	2	57	36	8	9	0	3	2	3	3	3	5	3	3	2	47	5	4	13	31	11	1	1	2	1	1	1	26	83	0	1	20	27	4	2	43	22	9	1377	3	7	4	0	24	10	42	9	18	0	4	7	22	40	4	1	4	0	2	0	8	10	3	0	3	1	26
Zotu42	4	4	2	3	1	5	2	9	0	1	1	9	1	6	1	0	7	2	4	2	8	5	4	68	7	1	1	3	0	1	0	5	10	0	0	4	2	17	1	1	52	4	2	2	3	0	2	1	6	2	1	0	2	0	15	0	0	1	1	3	1	2	2	0	0	8	1	2	2	0	0	4	1	6
Zotu25	3	0	1	2	1	0	0	1	0	2	0	0	0	17	0	0	5	0	0	0	0	0	0	2	0	0	19	1	0	4	0	0	2	0	0	0	0	89	79	0	0	0	6	1	0	0	0	6	8	38	0	9	1	0	1	0	0	1	1	0	0	0	0	0	0	1	0	0	0	4	0	1	0	0
Zotu19	3	114	2	4	3	22	9	507	11	14	9	13	140	1	1	1	4	2	9	6	184	11	13	175	13	5	1	558	15	2	1	179	387	2	0	5	11	2	2	13	232	1	1	102	6	3	5	0	3	1	4	3	0	2	8	7	3	5	14	10	9	11	0	0	0	8	1	7	2	0	3	4	0	20
Zotu31	18	3	40	17	0	17	32	1	0	13	3	1	1	6	1	3	3	2	11	7	2	1	5	16	3	0	9	6	0	1	0	0	9	0	1	10	18	11	7	18	49	10	0	10	11	0	0	2	7	0	0	2	0	0	0	0	1	4	8	1	0	10	7	0	0	16	0	8	1	1	1	9	0	12
Zotu40	8	1	6	132	1	5	4	2	0	2	2	86	0	6	0	0	1	0	1	2	1	4	1	3	6	0	44	1	0	1	1	1	0	0	1	4	154	1	3	5	13	4	0	0	12	0	0	1	11	0	0	12	0	1	5	1	1	0	2	0	0	2	0	0	1	2	2	0	0	2	1	0	1	0
Zotu28	29	3	10	75	2	22	12	7	13	33	1	40	30	3	8	4	1	1	0	3	22	4	2	5	5	5	6	3	8	34	3	8	2	23	1	21	11	1	14	6	15	9	5	1	6	10	8	2	1	2	2	26	32	13	4	3	4	7	10	5	4	23	1	3	0	1	6	0	2	0	9	1	4	3
Zotu10	22	42	5	7	8	38	13	33	10	16	17	19	13	16	9	4	3	11	1	18	21	376	19	104	14	10	2	2	5	9	4	0	0	2	7	21	8	1	18	21	7	8	7	29	4	14	17	8	6	1	23	3	3	6	14	11	116	29	32	15	18	24	0	0	3	1	6	5	4	28	7	0	1	6
Zotu35	3	0	19	11	0	10	4	2	0	7	3	2	0	0	8	1	0	2	0	0	0	2	1	7	1	0	5	1	0	1	0	1	1	0	2	3	15	1	2	2	2	8	0	0	19	2	0	0	0	0	5	3	1	0	0	5	0	0	2	0	1	1	2	1	1	0	2	0	0	0	0	1	0	0
Zotu37	0	185	1	0	206	0	0	0	0	0	2	6	2	0	0	0	0	1	5	1	7	0	0	1	0	2	0	0	0	0	0	1	0	0	0	14	0	0	0	4	10	0	3	0	0	0	2	2	1	0	0	0	0	1	0	0	7	1	0	2	0	7	0	1	0	1	0	0	2	0	8	0	0	1
Zotu24	4	1	75	30	0	5	1	1	0	1	0	0	1	9	0	2	3	10	0	7	0	0	11	1	0	0	17	0	2	3	3	5	0	2	4	1	2	1	1	1	12	4	1	48	12	0	1	32	5	11	0	19	2	2	3	0	0	0	0	3	1	0	0	0	0	1	1	0	1	2	2	0	8	1
Zotu44	4	8	5	3	2	17	6	33	0	7	2	5	4	5	0	3	2	0	11	5	10	9	5	14	4	1	0	3	2	0	1	0	5	0	1	9	5	6	4	11	3	2	0	8	2	5	1	1	2	1	3	5	0	2	3	2	2	8	3	5	18	10	1	0	2	2	3	6	1	1	1	2	0	7
Zotu36	11	7	3	5	0	27	28	16	6	24	12	4	5	5	8	1	7	1	5	6	17	17	1	25	11	7	15	6	2	8	18	1	5	30	4	8	16	6	98	15	6	10	2	6	7	11	11	8	34	11	7	18	1	1	15	25	118	1	4	1	15	29	3	1	5	3	15	6	1	37	4	3	8	7
Zotu34	9	1	1	43	0	1	9	1	0	1	0	2	0	3	2	1	9	1	3	7	6	2	7	1	12	0	1	0	0	2	2	0	2	1	1	0	2	0	6	2	2	0	1	1	6	1	0	0	7	0	3	0	0	3	5	1	3	2	0	1	0	4	2	1	0	8	2	0	3	0	1	0	0	0
Zotu39	8	0	13	11	0	6	2	2	0	0	0	1	0	5	0	0	0	0	0	0	0	0	2	1	0	0	32	0	1	1	0	1	0	1	5	2	0	1	4	0	5	5	0	0	7	0	0	4	10	0	0	26	0	0	6	0	1	0	0	0	0	1	0	0	0	0	5	0	0	3	1	1	0	1
Zotu33	14	2	0	3	1	2	32	0	0	0	0	0	1	1	1	1	0	0	0	3	2	1	4	0	6	0	1	0	0	0	0	1	1	0	1	1	0	0	1	0	2	0	0	0	0	0	1	0	0	0	0	0	0	6	1	0	1	0	2	0	0	3	0	0	0	0	5	0	2	0	0	0	0	0
Zotu27	1	0	0	0	0	0	0	1	0	1	1	0	0	4	0	0	0	0	0	0	0	0	0	0	0	0	14	0	0	7	0	0	1	0	0	0	0	4	54	0	0	1	4	0	0	0	0	0	4	3	0	3	0	0	4	0	0	0	2	0	0	0	0	0	0	0	0	0	0	3	0	0	3	0
Zotu38	9	1	5	8	0	22	3	38	1	29	1	6	2	0	7	1	0	0	3	1	5	5	4	15	6	0	0	1	3	0	2	0	1	1	1	9	12	1	1	1	2	4	0	3	3	7	6	5	15	0	2	11	1	0	14	2	5	1	8	3	29	6	0	0	3	1	9	3	0	9	13	0	0	6
Zotu41	6	0	6	6	1	3	5	1	0	0	0	3	0	2	1	0	1	4	2	2	0	0	2	3	8	0	0	0	0	8	0	4	0	2	7	4	0	3	7	1	2	4	3	2	2	1	0	6	21	4	0	9	0	1	9	0	0	1	0	0	1	0	0	0	0	3	2	1	1	12	1	4	2	0
Zotu43	4	0	3	12	0	20	4	4	0	4	1	3	1	0	2	1	0	0	0	33	0	1	3	9	0	0	0	0	0	0	1	0	0	0	0	3	5	0	0	3	10	2	0	1	5	3	1	3	5	0	0	11	1	0	4	3	2	1	0	0	1	2	0	0	1	0	2	1	0	4	1	0	0	1
Zotu26	1	0	1	0	0	0	0	0	0	0	0	0	0	14	0	0	1	0	0	0	0	0	0	0	0	0	15	0	0	2	0	0	0	0	0	0	0	0	0	0	0	0	5	1	0	0	0	1	0	19	0	1	1	0	1	0	0	0	0	0	0	0	0	0	1	0	0	0	1	0	0	0	4	0
