OTUId	TCCTGAGCAAGGAGTA	CGAGGCTGGTAAGGAG	CTCTCTACTATCCTCT	CGAGGCTGTATCCTCT	TCCTGAGCGTAAGGAG	AGGCAGAACTCTCTAT	TAAGGCGAGTAAGGAG	CGTACTAGAAGGAGTA	CGAGGCTGCTAAGCCT	AAGAGGCACTAAGCCT	TAAGGCGAAAGGAGTA	AGGCAGAATATCCTCT	TAGGCATGAAGGAGTA	AAGAGGCACTCTCTAT	AGGCAGAAACTGCATA	GTAGAGGATATCCTCT	GTAGAGGAAGAGTAGA	TAGGCATGACTGCATA	CGTACTAGTAGATCGC	AAGAGGCAACTGCATA	TCCTGAGCACTGCATA	TAGGCATGGTAAGGAG	TAAGGCGACTAAGCCT	GCTACGCTAGAGTAGA	TAGGCATGCTAAGCCT	GGACTCCTGTAAGGAG	AGGCAGAAAAGGAGTA	AGGCAGAAGTAAGGAG	TAAGGCGATATCCTCT	AAGAGGCATATCCTCT	CGAGGCTGTAGATCGC	GTAGAGGATAGATCGC	CGTACTAGCTAAGCCT	CGTACTAGGTAAGGAG	CTCTCTACACTGCATA	CGTACTAGACTGCATA	TAGGCATGTATCCTCT	GGACTCCTTAGATCGC	GGACTCCTAGAGTAGA	CGAGGCTGAGAGTAGA	TCCTGAGCTAGATCGC	CGTACTAGCTCTCTAT	AGGCAGAATAGATCGC	GGACTCCTAAGGAGTA	TAGGCATGTAGATCGC	TCCTGAGCAGAGTAGA	AAGAGGCATAGATCGC	CGAGGCTGCTCTCTAT	CTCTCTACAAGGAGTA	TAAGGCGAAGAGTAGA	TCCTGAGCTATCCTCT	TAAGGCGACTCTCTAT	CGTACTAGTATCCTCT	CGAGGCTGAAGGAGTA	CGAGGCTGACTGCATA	GGACTCCTCTCTCTAT	GCTACGCTTATCCTCT	CTCTCTACCTAAGCCT	AAGAGGCAGTAAGGAG	CTCTCTACTAGATCGC	GTAGAGGACTAAGCCT	AAGAGGCAAAGGAGTA	AAGAGGCAAGAGTAGA	GGACTCCTACTGCATA	CTCTCTACCTCTCTAT	TAAGGCGATAGATCGC	GCTACGCTGTAAGGAG	TAGGCATGAGAGTAGA	TAGGCATGCTCTCTAT	AGGCAGAAAGAGTAGA	GTAGAGGACTCTCTAT	TCCTGAGCCTCTCTAT	TAAGGCGAACTGCATA	GGACTCCTTATCCTCT	GCTACGCTACTGCATA	GCTACGCTCTAAGCCT	GTAGAGGAACTGCATA	GCTACGCTTAGATCGC	GTAGAGGAAAGGAGTA	GCTACGCTCTCTCTAT	GTAGAGGAGTAAGGAG
Zotu1	10026	1263	16050	1481	962	12730	1052	1677	2114	1369	11105	9278	10650	10622	990	1208	1591	7785	12022	762	3012	3330	1715	600	11286	10002	9803	1034	1194	954	2246	12030	12569	9685	7979	1026	9059	14664	15865	12999	1686	1488	3963	8151	15910	11420	1428	1877	12204	1619	1107	14303	1192	11750	10458	1941	3640	13510	759	1988	20500	1338	9475	1208	9205	9238	362	17831	2227	1513	1539	9585	1011	7592	365	617	967	4777	1723	586	942
Zotu3	1043	10688	367	1510	7244	926	1101	1018	2218	9879	881	656	563	1455	872	587	9895	669	1086	5839	1019	6901	10365	145	649	7842	833	1126	619	5529	12919	903	9991	1317	5840	6647	455	1076	1118	1822	8980	9781	10469	5746	627	1002	1375	11495	488	846	7200	926	821	9036	9490	7268	140	618	8609	518	1004	6791	1316	4467	491	914	282	540	650	6654	944	1144	6254	5521	210	212	878	176	835	190	5442
Zotu2	8957	11998	371	8216	7708	11806	7515	9328	2364	12066	10519	639	905	11321	6975	636	11919	6716	10435	1236	783	625	1727	703	729	273	1261	870	6302	904	15688	1100	972	866	505	808	1089	402	305	12163	983	1260	1036	479	812	841	1446	13258	727	1592	552	14194	598	2521	1977	492	523	547	1279	8262	1060	8248	9028	318	602	8608	718	708	1015	975	8540	1175	1416	195	5290	8546	861	730	1259	878	848
Zotu4	803	427	238	345	608	437	434	8877	11538	964	608	337	861	338	440	571	591	629	451	5577	6429	8697	12888	15	10126	141	623	404	327	282	605	873	940	358	275	302	7220	250	48	234	10985	322	11827	262	803	450	502	401	466	250	609	370	315	643	391	124	68	789	344	392	21275	500	256	143	7938	527	93	551	698	316	701	595	380	125	78	331	695	135	8247	72	647
Zotu9	353	73	26	70	335	111	151	31	156	7758	182	42	180	314	153	320	489	302	29	302	2266	192	311	97	288	25	26	24	165	195	119	299	101	29	111	162	164	35	178	229	315	124	30	26	161	8273	218	246	26	5930	244	299	46	52	217	127	10	57	225	19	466	251	391	133	98	166	13	332	6347	199	445	464	292	31	76	48	6877	7	339	54	277
Zotu5	442	1289	421	512	978	1261	8422	456	11270	770	633	9602	229	734	7780	761	636	120	309	372	316	860	850	163	415	708	1133	12935	6552	466	357	699	709	9802	348	384	234	40	53	321	283	669	875	160	71	281	371	760	434	453	437	800	461	562	388	294	189	12488	9836	333	1095	531	389	91	554	478	4527	52	313	858	9347	9201	522	231	169	362	683	187	8011	327	7631
Zotu7	224	206	176	7799	27	201	19	674	274	20	166	218	10014	188	233	216	21	373	444	245	212	185	30	181	227	18	170	26	210	191	225	25	531	423	151	591	335	17	19	196	24	12886	38	138	209	26	26	435	133	28	218	207	8088	442	462	149	234	9	14	25	38	154	33	207	113	27	180	183	409	26	212	215	241	164	5712	214	246	172	177	256	25
Zotu8	133	242	232	170	161	546	176	136	33	25	119	535	119	28	490	128	215	72	119	102	75	155	25	5705	23	281	8831	12483	137	119	156	141	25	183	213	87	121	245	291	285	108	25	827	230	146	166	130	33	310	223	129	21	107	159	117	173	3649	277	168	8492	26	118	194	4805	194	123	249	184	24	611	34	25	93	239	217	256	79	264	154	232	176
Zotu6	330	65	146	209	318	151	245	307	228	8224	246	176	36	465	307	3253	557	298	340	612	5392	48	467	4347	155	333	47	44	325	4925	134	3947	467	268	217	6455	172	337	4048	352	336	365	134	278	115	494	438	188	31	441	2932	383	342	57	349	6605	189	126	327	62	567	378	515	485	92	285	184	241	158	210	508	437	6083	311	285	1994	3755	207	403	222	363
Zotu10	14	224	11	13	179	17	297	12	34	18	192	8	14	12	10	14	104	8	161	15	10	144	191	277	18	146	11	185	144	6	214	170	12	162	7	13	7	141	85	166	144	17	162	13	165	108	152	20	11	7701	11	196	10	24	12	10	162	14	180	117	19	11	98	11	8	355	4537	107	16	131	18	16	132	5	186	228	11	4472	17	204	158
Zotu11	9	25	75	131	10	86	11	9	26	30	15	114	170	104	10	6717	206	170	9	21	8	183	30	9	207	6	12	12	125	111	18	200	12	9	9	12	224	5	5	27	6	115	10	6	172	21	9	160	8	35	85	107	99	19	18	65	39	6	2	5	271	11	17	6	55	11	7	183	7479	12	355	93	11	69	11	10	151	10	221	54	178
Zotu12	129	9	201	6	2	6	5	148	7	4	133	4	120	4	2	4	3	3	5	2	0	4	6	3	2	2	151	2	2	1	3	4	3	7	228	2	2	1	3	7	1	2	6	114	5	0	5	7	10531	4	2	14	1	185	2	4	2	281	5	238	5	129	3	6	259	2	2	3	7	2	1	5	3	2	1	4	1	3	156	2	3
Zotu13	1	4	86	131	1	3	1	161	2	5	2	104	10	4	7	103	5	1	174	1	3	1	6	1	2	2	2	2	91	84	6	4	202	156	0	123	95	3	4	3	1	172	1	1	6	1	3	4	1	4	94	6	7450	3	3	7	34	3	3	3	5	3	5	0	3	3	1	2	1	3	3	5	2	79	0	5	2	2	5	0	3
