OTUId	TCCTGAGCAAGGAGTA	CGAGGCTGTATCCTCT	CGAGGCTGGTAAGGAG	TAAGGCGAGTAAGGAG	AGGCAGAACTCTCTAT	TCCTGAGCGTAAGGAG	CTCTCTACTATCCTCT	CGTACTAGAAGGAGTA	CGAGGCTGCTAAGCCT	AAGAGGCACTAAGCCT	TAAGGCGAAAGGAGTA	AGGCAGAATATCCTCT	TAGGCATGAAGGAGTA	GTAGAGGATATCCTCT	AAGAGGCACTCTCTAT	AGGCAGAAACTGCATA	GTAGAGGAAGAGTAGA	TAGGCATGACTGCATA	CGTACTAGTAGATCGC	TCCTGAGCACTGCATA	AAGAGGCAACTGCATA	TAGGCATGGTAAGGAG	TAAGGCGACTAAGCCT	AGGCAGAAGTAAGGAG	GGACTCCTGTAAGGAG	AGGCAGAAAAGGAGTA	TAGGCATGCTAAGCCT	GCTACGCTAGAGTAGA	TAAGGCGATATCCTCT	AAGAGGCATATCCTCT	CGAGGCTGTAGATCGC	GTAGAGGATAGATCGC	CGTACTAGCTAAGCCT	CTCTCTACACTGCATA	CGTACTAGGTAAGGAG	CGTACTAGACTGCATA	TAGGCATGTATCCTCT	GGACTCCTTAGATCGC	GGACTCCTAGAGTAGA	CGAGGCTGAGAGTAGA	TCCTGAGCTAGATCGC	CGTACTAGCTCTCTAT	GGACTCCTAAGGAGTA	AGGCAGAATAGATCGC	TAGGCATGTAGATCGC	TCCTGAGCAGAGTAGA	CGAGGCTGCTCTCTAT	AAGAGGCATAGATCGC	TAAGGCGAAGAGTAGA	CTCTCTACAAGGAGTA	TCCTGAGCTATCCTCT	TAAGGCGACTCTCTAT	CGTACTAGTATCCTCT	CGAGGCTGAAGGAGTA	GCTACGCTTATCCTCT	CGAGGCTGACTGCATA	GGACTCCTCTCTCTAT	CTCTCTACCTAAGCCT	AAGAGGCAGTAAGGAG	CTCTCTACTAGATCGC	GTAGAGGACTAAGCCT	AAGAGGCAAAGGAGTA	AAGAGGCAAGAGTAGA	GGACTCCTACTGCATA	CTCTCTACCTCTCTAT	TAAGGCGATAGATCGC	GCTACGCTGTAAGGAG	TAGGCATGAGAGTAGA	TAGGCATGCTCTCTAT	AGGCAGAAAGAGTAGA	GTAGAGGACTCTCTAT	TCCTGAGCCTCTCTAT	TAAGGCGAACTGCATA	GGACTCCTTATCCTCT	GCTACGCTACTGCATA	GCTACGCTCTAAGCCT	GTAGAGGAACTGCATA	GCTACGCTTAGATCGC	GTAGAGGAAAGGAGTA	GCTACGCTCTCTCTAT	GTAGAGGAGTAAGGAG
Zotu1	10026	1481	1263	1052	12730	962	16050	1677	2114	1369	11105	9278	10650	1208	10622	990	1591	7785	12022	3012	762	3330	1715	1034	10002	9803	11286	600	1194	954	2246	12030	12569	7979	9685	1026	9059	14664	15865	12999	1686	1488	8151	3963	15910	11420	1877	1428	1619	12204	1107	14303	1192	11750	3640	10458	1941	13510	759	1988	20500	1338	9475	1208	9205	9238	362	17831	2227	1513	1539	9585	1011	7592	365	617	967	4777	1723	586	942
Zotu2	8957	8216	11998	7515	11806	7708	371	9328	2364	12066	10519	639	905	636	11321	6975	11919	6716	10435	783	1236	625	1727	870	273	1261	729	703	6302	904	15688	1100	972	505	866	808	1089	402	305	12163	983	1260	479	1036	812	841	13258	1446	1592	727	552	14194	598	2521	523	1977	492	547	1279	8262	1060	8248	9028	318	602	8608	718	708	1015	975	8540	1175	1416	195	5290	8546	861	730	1259	878	848
Zotu3	1043	1510	10688	1101	926	7244	367	1018	2218	9879	881	656	563	587	1455	872	9895	669	1086	1019	5839	6901	10365	1126	7842	833	649	145	619	5529	12919	903	9991	5840	1317	6647	455	1076	1118	1822	8980	9781	5746	10469	627	1002	11495	1375	846	488	7200	926	821	9036	140	9490	7268	618	8609	518	1004	6791	1316	4467	491	914	282	540	650	6654	944	1144	6254	5521	210	212	878	176	835	190	5442
Zotu4	803	345	427	434	437	608	238	8877	11538	964	608	337	861	571	338	440	591	629	451	6429	5577	8697	12888	404	141	623	10126	15	327	282	605	873	940	275	358	302	7220	250	48	234	10985	322	262	11827	803	450	401	502	250	466	609	370	315	643	68	391	124	789	344	392	21275	500	256	143	7938	527	93	551	698	316	701	595	380	125	78	331	695	135	8247	72	647
Zotu9	353	70	73	151	111	335	26	31	156	7758	182	42	180	320	314	153	489	302	29	2266	302	192	311	24	25	26	288	97	165	195	119	299	101	111	29	162	164	35	178	229	315	124	26	30	161	8273	246	218	5930	26	244	299	46	52	10	217	127	57	225	19	466	251	391	133	98	166	13	332	6347	199	445	464	292	31	76	48	6877	7	339	54	277
Zotu5	442	512	1289	8422	1261	978	421	456	11270	770	633	9602	229	761	734	7780	636	120	309	316	372	860	850	12935	708	1133	415	163	6552	466	357	699	709	348	9802	384	234	40	53	321	283	669	160	875	71	281	760	371	453	434	437	800	461	562	189	388	294	12488	9836	333	1095	531	389	91	554	478	4527	52	313	858	9347	9201	522	231	169	362	683	187	8011	327	7631
Zotu7	224	7799	206	19	201	27	176	674	274	20	166	218	10014	216	188	233	21	373	444	212	245	185	30	26	18	170	227	181	210	191	225	25	531	151	423	591	335	17	19	196	24	12886	138	38	209	26	435	26	28	133	218	207	8088	442	234	462	149	9	14	25	38	154	33	207	113	27	180	183	409	26	212	215	241	164	5712	214	246	172	177	256	25
Zotu8	133	170	242	176	546	161	232	136	33	25	119	535	119	128	28	490	215	72	119	75	102	155	25	12483	281	8831	23	5705	137	119	156	141	25	213	183	87	121	245	291	285	108	25	230	827	146	166	33	130	223	310	129	21	107	159	3649	117	173	277	168	8492	26	118	194	4805	194	123	249	184	24	611	34	25	93	239	217	256	79	264	154	232	176
Zotu6	330	209	65	245	151	318	146	307	228	8224	246	176	36	3253	465	307	557	298	340	5392	612	48	467	44	333	47	155	4347	325	4925	134	3947	467	217	268	6455	172	337	4048	352	336	365	278	134	115	494	188	438	441	31	2932	383	342	57	189	349	6605	126	327	62	567	378	515	485	92	285	184	241	158	210	508	437	6083	311	285	1994	3755	207	403	222	363
Zotu10	14	13	224	297	17	179	11	12	34	18	192	8	14	14	12	10	104	8	161	10	15	144	191	185	146	11	18	277	144	6	214	170	12	7	162	13	7	141	85	166	144	17	13	162	165	108	20	152	7701	11	11	196	10	24	162	12	10	14	180	117	19	11	98	11	8	355	4537	107	16	131	18	16	132	5	186	228	11	4472	17	204	158
Zotu11	9	131	25	11	86	10	75	9	26	30	15	114	170	6717	104	10	206	170	9	8	21	183	30	12	6	12	207	9	125	111	18	200	12	9	9	12	224	5	5	27	6	115	6	10	172	21	160	9	35	8	85	107	99	19	39	18	65	6	2	5	271	11	17	6	55	11	7	183	7479	12	355	93	11	69	11	10	151	10	221	54	178
Zotu12	129	6	9	5	6	2	201	148	7	4	133	4	120	4	4	2	3	3	5	0	2	4	6	2	2	151	2	3	2	1	3	4	3	228	7	2	2	1	3	7	1	2	114	6	5	0	7	5	4	10531	2	14	1	185	2	2	4	281	5	238	5	129	3	6	259	2	2	3	7	2	1	5	3	2	1	4	1	3	156	2	3
Zotu13	1	131	4	1	3	1	86	161	2	5	2	104	10	103	4	7	5	1	174	3	1	1	6	2	2	2	2	1	91	84	6	4	202	0	156	123	95	3	4	3	1	172	1	1	6	1	4	3	4	1	94	6	7450	3	34	3	7	3	3	3	5	3	5	0	3	3	1	2	1	3	3	5	2	79	0	5	2	2	5	0	3
Zotu14	2	3	6	0	185	1	1	3	2	3	3	109	5	6	1	125	89	3	3	5	1	3	1	148	2	180	2	39	2	3	2	3	4	1	2	4	3	3	85	98	2	4	2	180	2	85	3	2	97	0	5	7	2	7	0	3	4	2	5	0	3	3	90	0	0	3	1	92	2	7671	1	4	4	1	1	1	7	2	4	1	1
