OTUId	TCCTGAGCAAGGAGTA	CGAGGCTGGTAAGGAG	CTCTCTACTATCCTCT	CGAGGCTGTATCCTCT	TCCTGAGCGTAAGGAG	TAAGGCGAGTAAGGAG	AGGCAGAACTCTCTAT	CGTACTAGAAGGAGTA	AAGAGGCACTAAGCCT	TAAGGCGAAAGGAGTA	CGAGGCTGCTAAGCCT	AGGCAGAATATCCTCT	TAGGCATGAAGGAGTA	AAGAGGCACTCTCTAT	GTAGAGGATATCCTCT	AGGCAGAAACTGCATA	GTAGAGGAAGAGTAGA	CGTACTAGTAGATCGC	TCCTGAGCACTGCATA	AAGAGGCAACTGCATA	TAGGCATGACTGCATA	TAGGCATGGTAAGGAG	TAAGGCGACTAAGCCT	GCTACGCTAGAGTAGA	AGGCAGAAGTAAGGAG	TAGGCATGCTAAGCCT	GGACTCCTGTAAGGAG	AGGCAGAAAAGGAGTA	TAAGGCGATATCCTCT	CGAGGCTGTAGATCGC	AAGAGGCATATCCTCT	GTAGAGGATAGATCGC	CGTACTAGCTAAGCCT	CTCTCTACACTGCATA	CGTACTAGACTGCATA	TAGGCATGTATCCTCT	GGACTCCTTAGATCGC	CGTACTAGGTAAGGAG	GGACTCCTAGAGTAGA	CGAGGCTGAGAGTAGA	TCCTGAGCTAGATCGC	CGTACTAGCTCTCTAT	GGACTCCTAAGGAGTA	AGGCAGAATAGATCGC	TAGGCATGTAGATCGC	TCCTGAGCAGAGTAGA	CGAGGCTGCTCTCTAT	AAGAGGCATAGATCGC	CTCTCTACAAGGAGTA	TAAGGCGAAGAGTAGA	TCCTGAGCTATCCTCT	TAAGGCGACTCTCTAT	CGTACTAGTATCCTCT	CGAGGCTGAAGGAGTA	GCTACGCTTATCCTCT	GGACTCCTCTCTCTAT	CGAGGCTGACTGCATA	CTCTCTACCTAAGCCT	AAGAGGCAGTAAGGAG	CTCTCTACTAGATCGC	GTAGAGGACTAAGCCT	AAGAGGCAAGAGTAGA	AAGAGGCAAAGGAGTA	GGACTCCTACTGCATA	CTCTCTACCTCTCTAT	GCTACGCTGTAAGGAG	TAAGGCGATAGATCGC	TAGGCATGAGAGTAGA	TAGGCATGCTCTCTAT	AGGCAGAAAGAGTAGA	GTAGAGGACTCTCTAT	TCCTGAGCCTCTCTAT	TAAGGCGAACTGCATA	GGACTCCTTATCCTCT	GCTACGCTACTGCATA	GCTACGCTCTAAGCCT	GTAGAGGAACTGCATA	GCTACGCTTAGATCGC	GTAGAGGAAAGGAGTA	GCTACGCTCTCTCTAT	GTAGAGGAGTAAGGAG
Zotu1	10026	1263	16050	1481	962	1052	12730	1677	1369	11105	2114	9278	10650	10622	1208	990	1591	12022	3012	762	7785	3330	1715	600	1034	11286	10002	9803	1194	2246	954	12030	12569	7979	1026	9059	14664	9685	15865	12999	1686	1488	8151	3963	15910	11420	1877	1428	12204	1619	1107	14303	1192	11750	3640	1941	10458	13510	759	1988	20500	9475	1338	1208	9205	362	9238	17831	2227	1513	1539	9585	1011	7592	365	617	967	4777	1723	586	942
Zotu3	1043	10688	367	1510	7244	1101	926	1018	9879	881	2218	656	563	1455	587	872	9895	1086	1019	5839	669	6901	10365	145	1126	649	7842	833	619	12919	5529	903	9991	5840	6647	455	1076	1317	1118	1822	8980	9781	5746	10469	627	1002	11495	1375	488	846	7200	926	821	9036	140	7268	9490	618	8609	518	1004	1316	6791	4467	491	282	914	540	650	6654	944	1144	6254	5521	210	212	878	176	835	190	5442
Zotu2	8957	11998	371	8216	7708	7515	11806	9328	12066	10519	2364	639	905	11321	636	6975	11919	10435	783	1236	6716	625	1727	703	870	729	273	1261	6302	15688	904	1100	972	505	808	1089	402	866	305	12163	983	1260	479	1036	812	841	13258	1446	727	1592	552	14194	598	2521	523	492	1977	547	1279	8262	1060	9028	8248	318	602	718	8608	708	1015	975	8540	1175	1416	195	5290	8546	861	730	1259	878	848
Zotu4	803	427	238	345	608	434	437	8877	964	608	11538	337	861	338	571	440	591	451	6429	5577	629	8697	12888	15	404	10126	141	623	327	605	282	873	940	275	302	7220	250	358	48	234	10985	322	262	11827	803	450	401	502	466	250	609	370	315	643	68	124	391	789	344	392	21275	256	500	143	7938	93	527	551	698	316	701	595	380	125	78	331	695	135	8247	72	647
Zotu9	353	73	26	70	335	151	111	31	7758	182	156	42	180	314	320	153	489	29	2266	302	302	192	311	97	24	288	25	26	165	119	195	299	101	111	162	164	35	29	178	229	315	124	26	30	161	8273	246	218	26	5930	244	299	46	52	10	127	217	57	225	19	466	391	251	133	98	13	166	332	6347	199	445	464	292	31	76	48	6877	7	339	54	277
Zotu5	442	1289	421	512	978	8422	1261	456	770	633	11270	9602	229	734	761	7780	636	309	316	372	120	860	850	163	12935	415	708	1133	6552	357	466	699	709	348	384	234	40	9802	53	321	283	669	160	875	71	281	760	371	434	453	437	800	461	562	189	294	388	12488	9836	333	1095	389	531	91	554	4527	478	52	313	858	9347	9201	522	231	169	362	683	187	8011	327	7631
Zotu7	224	206	176	7799	27	19	201	674	20	166	274	218	10014	188	216	233	21	444	212	245	373	185	30	181	26	227	18	170	210	225	191	25	531	151	591	335	17	423	19	196	24	12886	138	38	209	26	435	26	133	28	218	207	8088	442	234	149	462	9	14	25	38	33	154	207	113	180	27	183	409	26	212	215	241	164	5712	214	246	172	177	256	25
Zotu8	133	242	232	170	161	176	546	136	25	119	33	535	119	28	128	490	215	119	75	102	72	155	25	5705	12483	23	281	8831	137	156	119	141	25	213	87	121	245	183	291	285	108	25	230	827	146	166	33	130	310	223	129	21	107	159	3649	173	117	277	168	8492	26	194	118	4805	194	249	123	184	24	611	34	25	93	239	217	256	79	264	154	232	176
Zotu6	330	65	146	209	318	245	151	307	8224	246	228	176	36	465	3253	307	557	340	5392	612	298	48	467	4347	44	155	333	47	325	134	4925	3947	467	217	6455	172	337	268	4048	352	336	365	278	134	115	494	188	438	31	441	2932	383	342	57	189	6605	349	126	327	62	567	515	378	485	92	184	285	241	158	210	508	437	6083	311	285	1994	3755	207	403	222	363
Zotu10	14	224	11	13	179	297	17	12	18	192	34	8	14	12	14	10	104	161	10	15	8	144	191	277	185	18	146	11	144	214	6	170	12	7	13	7	141	162	85	166	144	17	13	162	165	108	20	152	11	7701	11	196	10	24	162	10	12	14	180	117	19	98	11	11	8	4537	355	107	16	131	18	16	132	5	186	228	11	4472	17	204	158
Zotu11	9	25	75	131	10	11	86	9	30	15	26	114	170	104	6717	10	206	9	8	21	170	183	30	9	12	207	6	12	125	18	111	200	12	9	12	224	5	9	5	27	6	115	6	10	172	21	160	9	8	35	85	107	99	19	39	65	18	6	2	5	271	17	11	6	55	7	11	183	7479	12	355	93	11	69	11	10	151	10	221	54	178
Zotu12	129	9	201	6	2	5	6	148	4	133	7	4	120	4	4	2	3	5	0	2	3	4	6	3	2	2	2	151	2	3	1	4	3	228	2	2	1	7	3	7	1	2	114	6	5	0	7	5	10531	4	2	14	1	185	2	4	2	281	5	238	5	3	129	6	259	2	2	3	7	2	1	5	3	2	1	4	1	3	156	2	3
Zotu13	1	4	86	131	1	1	3	161	5	2	2	104	10	4	103	7	5	174	3	1	1	1	6	1	2	2	2	2	91	6	84	4	202	0	123	95	3	156	4	3	1	172	1	1	6	1	4	3	1	4	94	6	7450	3	34	7	3	3	3	3	5	5	3	0	3	1	3	2	1	3	3	5	2	79	0	5	2	2	5	0	3
