OTUId	TCCTGAGCAAGGAGTA	CGAGGCTGGTAAGGAG	CTCTCTACTATCCTCT	TAAGGCGAGTAAGGAG	TCCTGAGCGTAAGGAG	CGAGGCTGTATCCTCT	CGTACTAGAAGGAGTA	AGGCAGAACTCTCTAT	AAGAGGCACTAAGCCT	CGAGGCTGCTAAGCCT	TAAGGCGAAAGGAGTA	AGGCAGAATATCCTCT	AAGAGGCACTCTCTAT	GTAGAGGATATCCTCT	AGGCAGAAACTGCATA	GTAGAGGAAGAGTAGA	TAGGCATGACTGCATA	CGTACTAGTAGATCGC	TCCTGAGCACTGCATA	TAGGCATGGTAAGGAG	TAAGGCGACTAAGCCT	GCTACGCTAGAGTAGA	TAGGCATGCTAAGCCT	AGGCAGAAGTAAGGAG	GGACTCCTGTAAGGAG	AAGAGGCAACTGCATA	AGGCAGAAAAGGAGTA	TAAGGCGATATCCTCT	AAGAGGCATATCCTCT	CGAGGCTGTAGATCGC	GTAGAGGATAGATCGC	CGTACTAGCTAAGCCT	CTCTCTACACTGCATA	CGTACTAGGTAAGGAG	CGTACTAGACTGCATA	TAGGCATGTATCCTCT	GGACTCCTTAGATCGC	GGACTCCTAGAGTAGA	CGAGGCTGAGAGTAGA	TCCTGAGCTAGATCGC	AGGCAGAATAGATCGC	GGACTCCTAAGGAGTA	TAGGCATGTAGATCGC	TCCTGAGCAGAGTAGA	CGAGGCTGCTCTCTAT	AAGAGGCATAGATCGC	CTCTCTACAAGGAGTA	TAAGGCGAAGAGTAGA	TCCTGAGCTATCCTCT	TAAGGCGACTCTCTAT	CGAGGCTGAAGGAGTA	GCTACGCTTATCCTCT	CGAGGCTGACTGCATA	GGACTCCTCTCTCTAT	CTCTCTACCTAAGCCT	AAGAGGCAGTAAGGAG	CTCTCTACTAGATCGC	GTAGAGGACTAAGCCT	AAGAGGCAAAGGAGTA	AAGAGGCAAGAGTAGA	GGACTCCTACTGCATA	CTCTCTACCTCTCTAT	TAAGGCGATAGATCGC	GCTACGCTGTAAGGAG	TAGGCATGAGAGTAGA	TAGGCATGAAGGAGTA	TAGGCATGCTCTCTAT	AGGCAGAAAGAGTAGA	GTAGAGGACTCTCTAT	TCCTGAGCCTCTCTAT	TAAGGCGAACTGCATA	CGTACTAGCTCTCTAT	GGACTCCTTATCCTCT	GCTACGCTACTGCATA	GCTACGCTCTAAGCCT	GTAGAGGAACTGCATA	GCTACGCTTAGATCGC	GTAGAGGAAAGGAGTA	GCTACGCTCTCTCTAT	CGTACTAGTATCCTCT	GTAGAGGAGTAAGGAG
Zotu1	10026	1263	16050	1052	962	1481	1677	12730	1369	2114	11105	9278	10622	1208	990	1591	7785	12022	3012	3330	1715	600	11286	1034	10002	762	9803	1194	954	2246	12030	12569	7979	9685	1026	9059	14664	15865	12999	1686	3963	8151	15910	11420	1877	1428	12204	1619	1107	14303	11750	3640	10458	1941	13510	759	1988	20500	1338	9475	1208	9205	9238	362	17831	10650	2227	1513	1539	9585	1011	1488	7592	365	617	967	4777	1723	586	1192	942
Zotu3	1043	10688	367	1101	7244	1510	1018	926	9879	2218	881	656	1455	587	872	9895	669	1086	1019	6901	10365	145	649	1126	7842	5839	833	619	5529	12919	903	9991	5840	1317	6647	455	1076	1118	1822	8980	10469	5746	627	1002	11495	1375	488	846	7200	926	9036	140	9490	7268	618	8609	518	1004	6791	1316	4467	491	914	282	540	563	650	6654	944	1144	6254	9781	5521	210	212	878	176	835	190	821	5442
Zotu2	8957	11998	371	7515	7708	8216	9328	11806	12066	2364	10519	639	11321	636	6975	11919	6716	10435	783	625	1727	703	729	870	273	1236	1261	6302	904	15688	1100	972	505	866	808	1089	402	305	12163	983	1036	479	812	841	13258	1446	727	1592	552	14194	2521	523	1977	492	547	1279	8262	1060	8248	9028	318	602	8608	718	708	905	1015	975	8540	1175	1416	1260	195	5290	8546	861	730	1259	878	598	848
Zotu4	803	427	238	434	608	345	8877	437	964	11538	608	337	338	571	440	591	629	451	6429	8697	12888	15	10126	404	141	5577	623	327	282	605	873	940	275	358	302	7220	250	48	234	10985	11827	262	803	450	401	502	466	250	609	370	643	68	391	124	789	344	392	21275	500	256	143	7938	527	93	551	861	698	316	701	595	380	322	125	78	331	695	135	8247	72	315	647
Zotu8	353	73	26	151	335	70	31	111	7758	156	182	42	314	320	153	489	302	29	2266	192	311	97	288	24	25	302	26	165	195	119	299	101	111	29	162	164	35	178	229	315	30	26	161	8273	246	218	26	5930	244	299	52	10	217	127	57	225	19	466	251	391	133	98	166	13	332	180	6347	199	445	464	292	124	31	76	48	6877	7	339	54	46	277
Zotu5	442	1289	421	8422	978	512	456	1261	770	11270	633	9602	734	761	7780	636	120	309	316	860	850	163	415	12935	708	372	1133	6552	466	357	699	709	348	9802	384	234	40	53	321	283	875	160	71	281	760	371	434	453	437	800	562	189	388	294	12488	9836	333	1095	531	389	91	554	478	4527	52	229	313	858	9347	9201	522	669	231	169	362	683	187	8011	327	461	7631
Zotu7	133	242	232	176	161	170	136	546	25	33	119	535	28	128	490	215	72	119	75	155	25	5705	23	12483	281	102	8831	137	119	156	141	25	213	183	87	121	245	291	285	108	827	230	146	166	33	130	310	223	129	21	159	3649	117	173	277	168	8492	26	118	194	4805	194	123	249	184	119	24	611	34	25	93	25	239	217	256	79	264	154	232	107	176
Zotu6	330	65	146	245	318	209	307	151	8224	228	246	176	465	3253	307	557	298	340	5392	48	467	4347	155	44	333	612	47	325	4925	134	3947	467	217	268	6455	172	337	4048	352	336	134	278	115	494	188	438	31	441	2932	383	57	189	349	6605	126	327	62	567	378	515	485	92	285	184	241	36	158	210	508	437	6083	365	311	285	1994	3755	207	403	222	342	363
Zotu9	14	224	11	297	179	13	12	17	18	34	192	8	12	14	10	104	8	161	10	144	191	277	18	185	146	15	11	144	6	214	170	12	7	162	13	7	141	85	166	144	162	13	165	108	20	152	11	7701	11	196	24	162	12	10	14	180	117	19	11	98	11	8	355	4537	107	14	16	131	18	16	132	17	5	186	228	11	4472	17	204	10	158
Zotu10	129	9	201	5	2	6	148	6	4	7	133	4	4	4	2	3	3	5	0	4	6	3	2	2	2	2	151	2	1	3	4	3	228	7	2	2	1	3	7	1	6	114	5	0	7	5	10531	4	2	14	185	2	2	4	281	5	238	5	129	3	6	259	2	2	3	120	7	2	1	5	3	2	2	1	4	1	3	156	2	1	3
