OTUId	CGAGGCTGGTAAGGAG	CTCTCTACTATCCTCT	TCCTGAGCGTAAGGAG	CGAGGCTGTATCCTCT	TCCTGAGCAAGGAGTA	AGGCAGAACTCTCTAT	TAAGGCGAGTAAGGAG	CGTACTAGAAGGAGTA	CGAGGCTGCTAAGCCT	AAGAGGCACTAAGCCT	TAAGGCGAAAGGAGTA	AGGCAGAATATCCTCT	TAGGCATGAAGGAGTA	AAGAGGCACTCTCTAT	GTAGAGGATATCCTCT	AGGCAGAAACTGCATA	GTAGAGGAAGAGTAGA	TAGGCATGACTGCATA	TCCTGAGCACTGCATA	CGTACTAGTAGATCGC	AAGAGGCAACTGCATA	TAGGCATGGTAAGGAG	TAAGGCGACTAAGCCT	AGGCAGAAGTAAGGAG	GCTACGCTAGAGTAGA	TAGGCATGCTAAGCCT	GGACTCCTGTAAGGAG	AGGCAGAAAAGGAGTA	TAAGGCGATATCCTCT	AAGAGGCATATCCTCT	CGAGGCTGTAGATCGC	GTAGAGGATAGATCGC	CGTACTAGCTAAGCCT	CTCTCTACACTGCATA	CGTACTAGACTGCATA	CGTACTAGGTAAGGAG	TAGGCATGTATCCTCT	GGACTCCTTAGATCGC	GGACTCCTAGAGTAGA	CGAGGCTGAGAGTAGA	TCCTGAGCTAGATCGC	CGTACTAGCTCTCTAT	AGGCAGAATAGATCGC	GGACTCCTAAGGAGTA	TAGGCATGTAGATCGC	TCCTGAGCAGAGTAGA	AAGAGGCATAGATCGC	CGAGGCTGCTCTCTAT	CTCTCTACAAGGAGTA	TAAGGCGAAGAGTAGA	TCCTGAGCTATCCTCT	TAAGGCGACTCTCTAT	CGTACTAGTATCCTCT	CGAGGCTGAAGGAGTA	GCTACGCTTATCCTCT	CGAGGCTGACTGCATA	GGACTCCTCTCTCTAT	CTCTCTACCTAAGCCT	AAGAGGCAGTAAGGAG	CTCTCTACTAGATCGC	GTAGAGGACTAAGCCT	AAGAGGCAAAGGAGTA	AAGAGGCAAGAGTAGA	GGACTCCTACTGCATA	CTCTCTACCTCTCTAT	TAAGGCGATAGATCGC	GCTACGCTGTAAGGAG	TAGGCATGAGAGTAGA	TAGGCATGCTCTCTAT	AGGCAGAAAGAGTAGA	GTAGAGGACTCTCTAT	TCCTGAGCCTCTCTAT	TAAGGCGAACTGCATA	GGACTCCTTATCCTCT	GCTACGCTACTGCATA	GCTACGCTCTAAGCCT	GTAGAGGAACTGCATA	GCTACGCTTAGATCGC	GTAGAGGAAAGGAGTA	GCTACGCTCTCTCTAT	GTAGAGGAGTAAGGAG
Zotu3	10688	367	7244	1510	1043	926	1101	1018	2218	9879	881	656	563	1455	587	872	9895	669	1019	1086	5839	6901	10365	1126	145	649	7842	833	619	5529	12919	903	9991	5840	6647	1317	455	1076	1118	1822	8980	9781	10469	5746	627	1002	1375	11495	488	846	7200	926	821	9036	140	9490	7268	618	8609	518	1004	6791	1316	4467	491	914	282	540	650	6654	944	1144	6254	5521	210	212	878	176	835	190	5442
Zotu1	1263	16050	962	1481	10026	12730	1052	1677	2114	1369	11105	9278	10650	10622	1208	990	1591	7785	3012	12022	762	3330	1715	1034	600	11286	10002	9803	1194	954	2246	12030	12569	7979	1026	9685	9059	14664	15865	12999	1686	1488	3963	8151	15910	11420	1428	1877	12204	1619	1107	14303	1192	11750	3640	10458	1941	13510	759	1988	20500	1338	9475	1208	9205	9238	362	17831	2227	1513	1539	9585	1011	7592	365	617	967	4777	1723	586	942
Zotu2	11998	371	7708	8216	8957	11806	7515	9328	2364	12066	10519	639	905	11321	636	6975	11919	6716	783	10435	1236	625	1727	870	703	729	273	1261	6302	904	15688	1100	972	505	808	866	1089	402	305	12163	983	1260	1036	479	812	841	1446	13258	727	1592	552	14194	598	2521	523	1977	492	547	1279	8262	1060	8248	9028	318	602	8608	718	708	1015	975	8540	1175	1416	195	5290	8546	861	730	1259	878	848
Zotu4	427	238	608	345	803	437	434	8877	11538	964	608	337	861	338	571	440	591	629	6429	451	5577	8697	12888	404	15	10126	141	623	327	282	605	873	940	275	302	358	7220	250	48	234	10985	322	11827	262	803	450	502	401	466	250	609	370	315	643	68	391	124	789	344	392	21275	500	256	143	7938	527	93	551	698	316	701	595	380	125	78	331	695	135	8247	72	647
Zotu9	73	26	335	70	353	111	151	31	156	7758	182	42	180	314	320	153	489	302	2266	29	302	192	311	24	97	288	25	26	165	195	119	299	101	111	162	29	164	35	178	229	315	124	30	26	161	8273	218	246	26	5930	244	299	46	52	10	217	127	57	225	19	466	251	391	133	98	166	13	332	6347	199	445	464	292	31	76	48	6877	7	339	54	277
Zotu5	1289	421	978	512	442	1261	8422	456	11270	770	633	9602	229	734	761	7780	636	120	316	309	372	860	850	12935	163	415	708	1133	6552	466	357	699	709	348	384	9802	234	40	53	321	283	669	875	160	71	281	371	760	434	453	437	800	461	562	189	388	294	12488	9836	333	1095	531	389	91	554	478	4527	52	313	858	9347	9201	522	231	169	362	683	187	8011	327	7631
Zotu7	206	176	27	7799	224	201	19	674	274	20	166	218	10014	188	216	233	21	373	212	444	245	185	30	26	181	227	18	170	210	191	225	25	531	151	591	423	335	17	19	196	24	12886	38	138	209	26	26	435	133	28	218	207	8088	442	234	462	149	9	14	25	38	154	33	207	113	27	180	183	409	26	212	215	241	164	5712	214	246	172	177	256	25
Zotu8	242	232	161	170	133	546	176	136	33	25	119	535	119	28	128	490	215	72	75	119	102	155	25	12483	5705	23	281	8831	137	119	156	141	25	213	87	183	121	245	291	285	108	25	827	230	146	166	130	33	310	223	129	21	107	159	3649	117	173	277	168	8492	26	118	194	4805	194	123	249	184	24	611	34	25	93	239	217	256	79	264	154	232	176
Zotu6	65	146	318	209	330	151	245	307	228	8224	246	176	36	465	3253	307	557	298	5392	340	612	48	467	44	4347	155	333	47	325	4925	134	3947	467	217	6455	268	172	337	4048	352	336	365	134	278	115	494	438	188	31	441	2932	383	342	57	189	349	6605	126	327	62	567	378	515	485	92	285	184	241	158	210	508	437	6083	311	285	1994	3755	207	403	222	363
Zotu10	224	11	179	13	14	17	297	12	34	18	192	8	14	12	14	10	104	8	10	161	15	144	191	185	277	18	146	11	144	6	214	170	12	7	13	162	7	141	85	166	144	17	162	13	165	108	152	20	11	7701	11	196	10	24	162	12	10	14	180	117	19	11	98	11	8	355	4537	107	16	131	18	16	132	5	186	228	11	4472	17	204	158
Zotu11	25	75	10	131	9	86	11	9	26	30	15	114	170	104	6717	10	206	170	8	9	21	183	30	12	9	207	6	12	125	111	18	200	12	9	12	9	224	5	5	27	6	115	10	6	172	21	9	160	8	35	85	107	99	19	39	18	65	6	2	5	271	11	17	6	55	11	7	183	7479	12	355	93	11	69	11	10	151	10	221	54	178
Zotu12	9	201	2	6	129	6	5	148	7	4	133	4	120	4	4	2	3	3	0	5	2	4	6	2	3	2	2	151	2	1	3	4	3	228	2	7	2	1	3	7	1	2	6	114	5	0	5	7	10531	4	2	14	1	185	2	2	4	281	5	238	5	129	3	6	259	2	2	3	7	2	1	5	3	2	1	4	1	3	156	2	3
Zotu13	4	86	1	131	1	3	1	161	2	5	2	104	10	4	103	7	5	1	3	174	1	1	6	2	1	2	2	2	91	84	6	4	202	0	123	156	95	3	4	3	1	172	1	1	6	1	3	4	1	4	94	6	7450	3	34	3	7	3	3	3	5	3	5	0	3	3	1	2	1	3	3	5	2	79	0	5	2	2	5	0	3
Zotu14	6	1	1	3	2	185	0	3	2	3	3	109	5	1	6	125	89	3	5	3	1	3	1	148	39	2	2	180	2	3	2	3	4	1	4	2	3	3	85	98	2	4	180	2	2	85	2	3	0	97	5	7	2	7	0	3	4	2	5	0	3	3	90	0	0	3	1	92	2	7671	1	4	4	1	1	1	7	2	4	1	1
